Time,"UTC TIME",Anum,Fnum,Height,Speed,Angle,Longitude,Latitude
1698983512,"2023-11-03 03:51:52",B32EZ,CA1557,106.68,296.32,174,116.59845,40.06577
1698983527,"2023-11-03 03:52:07",B32EZ,CA1557,358.14,287.06,173,116.60002,40.05522
1698983542,"2023-11-03 03:52:22",B32EZ,CA1557,579.12,285.208,173,116.601746,40.044479
1698983557,"2023-11-03 03:52:37",B32EZ,CA1557,815.34,287.06,173,116.60352,40.03381
1698983572,"2023-11-03 03:52:52",B32EZ,CA1557,1028.7,300.024,174,116.605042,40.023331
1698983587,"2023-11-03 03:53:07",B32EZ,CA1557,1112.52,368.548,174,116.60681,40.01042
1698983602,"2023-11-03 03:53:22",B32EZ,CA1557,1219.2,425.96,173,116.609131,39.995682
1698983617,"2023-11-03 03:53:37",B32EZ,CA1557,1348.74,474.112,173,116.61176,39.97888
1698983632,"2023-11-03 03:53:52",B32EZ,CA1557,1661.16,475.964,172,116.614754,39.961093
1698983647,"2023-11-03 03:54:07",B32EZ,CA1557,1943.1,487.076,173,116.61786,39.94217
1698983662,"2023-11-03 03:54:22",B32EZ,CA1557,2186.94,503.744,173,116.62061,39.92432
1698983677,"2023-11-03 03:54:37",B32EZ,CA1557,2461.26,516.708,173,116.62346,39.90555
1698983692,"2023-11-03 03:54:52",B32EZ,CA1557,2735.58,522.264,173,116.62659,39.88582
1698983707,"2023-11-03 03:55:07",B32EZ,CA1557,2964.18,540.784,173,116.62967,39.86646
1698983722,"2023-11-03 03:55:22",B32EZ,CA1557,3139.44,570.416,173,116.63287,39.84555
1698983737,"2023-11-03 03:55:37",B32EZ,CA1557,3230.88,614.864,174,116.63605,39.82269
1698983752,"2023-11-03 03:55:52",B32EZ,CA1557,3314.7,657.46,174,116.63928,39.79984
1698983767,"2023-11-03 03:56:07",B32EZ,CA1557,3497.58,675.98,173,116.6431,39.77458
1698983782,"2023-11-03 03:56:22",B32EZ,CA1557,3787.14,672.276,173,116.64728,39.74858
1698983797,"2023-11-03 03:56:37",B32EZ,CA1557,4023.36,672.276,173,116.65116,39.72423
1698983812,"2023-11-03 03:56:52",B32EZ,CA1557,4160.52,685.24,173,116.65503,39.6991
1698983827,"2023-11-03 03:57:07",B32EZ,CA1557,4198.62,688.944,173,116.65887,39.67359
1698983842,"2023-11-03 03:57:22",B32EZ,CA1557,4206.24,690.796,173,116.66266,39.64831
1698983857,"2023-11-03 03:57:37",B32EZ,CA1557,4206.24,690.796,173,116.66668,39.62183
1698983872,"2023-11-03 03:57:52",B32EZ,CA1557,4206.24,690.796,173,116.67078,39.59533
1698983887,"2023-11-03 03:58:07",B32EZ,CA1557,4282.44,690.796,173,116.67462,39.57075
1698983902,"2023-11-03 03:58:22",B32EZ,CA1557,4472.94,698.204,173,116.67908,39.54263
1698983917,"2023-11-03 03:58:37",B32EZ,CA1557,4732.02,700.056,173,116.68298,39.51741
1698983932,"2023-11-03 03:58:52",B32EZ,CA1557,4991.1,696.352,173,116.68722,39.49022
1698983947,"2023-11-03 03:59:07",B32EZ,CA1557,5242.56,696.352,173,116.69116,39.46443
1698983962,"2023-11-03 03:59:22",B32EZ,CA1557,5379.72,716.724,173,116.69517,39.43849
1698983977,"2023-11-03 03:59:37",B32EZ,CA1557,5539.74,725.984,173,116.69911,39.41171
1698983992,"2023-11-03 03:59:52",B32EZ,CA1557,5783.58,722.28,173,116.70306,39.38529
1698984007,"2023-11-03 04:00:07",B32EZ,CA1557,5943.6,716.724,173,116.70728,39.35796
1698984022,"2023-11-03 04:00:22",B32EZ,CA1557,6004.56,724.132,173,116.71153,39.33078
1698984037,"2023-11-03 04:00:37",B32EZ,CA1557,6080.76,727.836,173,116.71565,39.30441
1698984052,"2023-11-03 04:00:52",B32EZ,CA1557,6156.96,729.688,173,116.719849,39.276914
1698984067,"2023-11-03 04:01:07",B32EZ,CA1557,6233.16,725.984,173,116.72412,39.24907
1698984083,"2023-11-03 04:01:23",B32EZ,CA1557,6294.12,731.54,173,116.72806,39.22311
1698984097,"2023-11-03 04:01:37",B32EZ,CA1557,6309.36,733.392,173,116.73242,39.1941
1698984112,"2023-11-03 04:01:52",B32EZ,CA1557,6393.18,737.096,173,116.73657,39.16682
1698984127,"2023-11-03 04:02:07",B32EZ,CA1557,6568.44,731.54,178,116.73981,39.13926
1698984147,"2023-11-03 04:02:27",B32EZ,CA1557,6720.84,724.132,188,116.737488,39.110444
1698984162,"2023-11-03 04:02:42",B32EZ,CA1557,6873.24,729.688,188,116.732304,39.082672
1698984177,"2023-11-03 04:02:57",B32EZ,CA1557,7063.74,737.096,187,116.727356,39.052719
1698984192,"2023-11-03 04:03:12",B32EZ,CA1557,7246.62,740.8,187,116.72327,39.02502
1698984207,"2023-11-03 04:03:27",B32EZ,CA1557,7421.88,742.652,187,116.71899,38.99574
1698984222,"2023-11-03 04:03:42",B32EZ,CA1557,7490.46,748.208,187,116.71478,38.96744
1698984237,"2023-11-03 04:03:57",B32EZ,CA1557,7498.08,751.912,187,116.710388,38.938433
1698984252,"2023-11-03 04:04:12",B32EZ,CA1557,7498.08,755.616,187,116.70636,38.91181
1698984267,"2023-11-03 04:04:27",B32EZ,CA1557,7498.08,753.764,187,116.70203,38.88332
1698984282,"2023-11-03 04:04:42",B32EZ,CA1557,7498.08,755.616,187,116.697571,38.854499
1698984297,"2023-11-03 04:04:57",B32EZ,CA1557,7498.08,755.616,187,116.6933,38.8268
1698984312,"2023-11-03 04:05:12",B32EZ,CA1557,7498.08,759.32,187,116.68919,38.79955
1698984327,"2023-11-03 04:05:27",B32EZ,CA1557,7498.08,757.468,187,116.684597,38.769424
1698984342,"2023-11-03 04:05:42",B32EZ,CA1557,7498.08,759.32,187,116.68036,38.74173
1698984357,"2023-11-03 04:05:57",B32EZ,CA1557,7498.08,757.468,187,116.67612,38.7139
1698984372,"2023-11-03 04:06:12",B32EZ,CA1557,7498.08,757.468,187,116.67158,38.684143
1698984387,"2023-11-03 04:06:27",B32EZ,CA1557,7498.08,757.468,187,116.667222,38.65535
1698984398,"2023-11-03 04:06:38",B32EZ,CA1557,7498.08,757.468,187,116.66561,38.644638
1698984412,"2023-11-03 04:06:52",B32EZ,CA1557,7498.08,757.468,186,116.66143,38.61644
1698984427,"2023-11-03 04:07:07",B32EZ,CA1557,7498.08,759.32,185,116.657898,38.588453
1698984442,"2023-11-03 04:07:22",B32EZ,CA1557,7498.08,759.32,185,116.654602,38.557217
1698984457,"2023-11-03 04:07:37",B32EZ,CA1557,7498.08,759.32,185,116.651733,38.529053
1698984472,"2023-11-03 04:07:52",B32EZ,CA1557,7498.08,755.616,185,116.648743,38.500842
1698984487,"2023-11-03 04:08:07",B32EZ,CA1557,7498.08,757.468,185,116.645667,38.472702
1698984502,"2023-11-03 04:08:22",B32EZ,CA1557,7498.08,755.616,185,116.642334,38.443164
1698984517,"2023-11-03 04:08:37",B32EZ,CA1557,7498.08,755.616,185,116.639038,38.414488
1698984532,"2023-11-03 04:08:52",B32EZ,CA1557,7498.08,755.616,185,116.635827,38.38623
1698984547,"2023-11-03 04:09:07",B32EZ,CA1557,7498.08,761.172,182,116.633725,38.357322
1698984562,"2023-11-03 04:09:22",B32EZ,CA1557,7498.08,770.432,178,116.633723,38.329102
1698984577,"2023-11-03 04:09:37",B32EZ,CA1557,7498.08,779.692,175,116.635755,38.300435
1698984592,"2023-11-03 04:09:52",B32EZ,CA1557,7498.08,788.952,172,116.639935,38.270874
1698984607,"2023-11-03 04:10:07",B32EZ,CA1557,7498.08,800.064,169,116.64611,38.24176
1698984622,"2023-11-03 04:10:22",B32EZ,CA1557,7498.08,803.768,166,116.654468,38.212463
1698984637,"2023-11-03 04:10:37",B32EZ,CA1557,7498.08,809.324,163,116.665311,38.182285
1698984652,"2023-11-03 04:10:52",B32EZ,CA1557,7498.08,807.472,163,116.676118,38.154261
1698984667,"2023-11-03 04:11:07",B32EZ,CA1557,7498.08,805.62,164,116.68704,38.12498
1698984682,"2023-11-03 04:11:22",B32EZ,CA1557,7498.08,809.324,164,116.697434,38.096629
1698984697,"2023-11-03 04:11:37",B32EZ,CA1557,7498.08,811.176,164,116.708348,38.067078
1698984712,"2023-11-03 04:11:52",B32EZ,CA1557,7498.08,811.176,163,116.719276,38.038147
1698984727,"2023-11-03 04:12:07",B32EZ,CA1557,7498.08,811.176,163,116.730692,38.008459
1698984742,"2023-11-03 04:12:22",B32EZ,CA1557,7559.04,813.028,163,116.742008,37.978958
1698984757,"2023-11-03 04:12:37",B32EZ,CA1557,7703.82,818.584,163,116.75356,37.948733
1698984772,"2023-11-03 04:12:52",B32EZ,CA1557,7840.98,825.992,163,116.764905,37.918846
1698984787,"2023-11-03 04:13:07",B32EZ,CA1557,7962.9,833.4,163,116.776253,37.888916
1698984802,"2023-11-03 04:13:22",B32EZ,CA1557,8100.06,837.104,163,116.78747,37.8593
1698984822,"2023-11-03 04:13:42",B32EZ,CA1557,8328.66,833.4,163,116.801206,37.823273
1698984837,"2023-11-03 04:13:57",B32EZ,CA1557,8542.02,824.14,163,116.812368,37.794067
1698984852,"2023-11-03 04:14:12",B32EZ,CA1557,8724.9,822.288,163,116.823821,37.763992
1698984867,"2023-11-03 04:14:27",B32EZ,CA1557,8823.96,829.696,164,116.835451,37.733185
1698984882,"2023-11-03 04:14:42",B32EZ,CA1557,8915.4,837.104,164,116.846437,37.703522
1698984897,"2023-11-03 04:14:57",B32EZ,CA1557,9098.28,831.548,163,116.858183,37.672348
1698984912,"2023-11-03 04:15:12",B32EZ,CA1557,9265.92,829.696,163,116.869286,37.642822
1698984927,"2023-11-03 04:15:27",B32EZ,CA1557,9387.84,835.252,163,116.88247,37.608063
1698984942,"2023-11-03 04:15:42",B32EZ,CA1557,9509.76,837.104,163,116.89352,37.57874
1698984957,"2023-11-03 04:15:57",B32EZ,CA1557,9646.92,837.104,163,116.904875,37.548615
1698984972,"2023-11-03 04:16:12",B32EZ,CA1557,9799.32,833.4,163,116.916384,37.518078
1698984987,"2023-11-03 04:16:27",B32EZ,CA1557,9913.62,837.104,163,116.927256,37.489059
1698985002,"2023-11-03 04:16:42",B32EZ,CA1557,10020.3,842.66,163,116.93883,37.45821
1698985017,"2023-11-03 04:16:57",B32EZ,CA1557,10081.26,855.624,164,116.95006,37.42791
1698985032,"2023-11-03 04:17:12",B32EZ,CA1557,10088.88,861.18,163,116.961326,37.397552
1698985047,"2023-11-03 04:17:27",B32EZ,CA1557,10088.88,866.736,163,116.97323,37.36571
1698985062,"2023-11-03 04:17:42",B32EZ,CA1557,10088.88,868.588,163,116.98147,37.34379
1698985077,"2023-11-03 04:17:57",B32EZ,CA1557,10088.88,868.588,163,116.99353,37.31171
1698985092,"2023-11-03 04:18:12",B32EZ,CA1557,10088.88,875.996,160,117.00591,37.28146
1698985107,"2023-11-03 04:18:27",B32EZ,CA1557,10088.88,881.552,159,117.020575,37.250589
1698985122,"2023-11-03 04:18:42",B32EZ,CA1557,10088.88,877.848,159,117.035204,37.22033
1698985137,"2023-11-03 04:18:57",B32EZ,CA1557,10088.88,881.552,157,117.05067,37.18863
1698985152,"2023-11-03 04:19:12",B32EZ,CA1557,10088.88,905.628,148,117.069715,37.159393
1698985167,"2023-11-03 04:19:27",B32EZ,CA1557,10088.88,927.852,141,117.094673,37.131694
1698985182,"2023-11-03 04:19:42",B32EZ,CA1557,10088.88,937.112,139,117.123931,37.104321
1698985197,"2023-11-03 04:19:57",B32EZ,CA1557,10096.5,933.408,140,117.153606,37.07653
1698985212,"2023-11-03 04:20:12",B32EZ,CA1557,10096.5,927.852,142,117.180892,37.049111
1698985227,"2023-11-03 04:20:27",B32EZ,CA1557,10088.88,924.148,144,117.207466,37.020584
1698985242,"2023-11-03 04:20:42",B32EZ,CA1557,10134.6,924.148,145,117.232186,36.992889
1698985257,"2023-11-03 04:20:57",B32EZ,CA1557,10256.52,927.852,145,117.256788,36.964874
1698985272,"2023-11-03 04:21:12",B32EZ,CA1557,10408.92,926,146,117.28174,36.936268
1698985287,"2023-11-03 04:21:27",B32EZ,CA1557,10538.46,903.776,156,117.30231,36.90646
1698985302,"2023-11-03 04:21:42",B32EZ,CA1557,10652.76,875.996,167,117.315535,36.874353
1698985317,"2023-11-03 04:21:57",B32EZ,CA1557,10782.3,864.884,172,117.32241,36.84223
1698985332,"2023-11-03 04:22:12",B32EZ,CA1557,10942.32,864.884,170,117.32872,36.80951
1698985347,"2023-11-03 04:22:27",B32EZ,CA1557,11109.96,863.032,169,117.33591,36.77864
1698985362,"2023-11-03 04:22:42",B32EZ,CA1557,11254.74,859.328,168,117.344153,36.746847
1698985377,"2023-11-03 04:22:57",B32EZ,CA1557,11300.46,864.884,168,117.352295,36.715302
1698985392,"2023-11-03 04:23:12",B32EZ,CA1557,11308.08,866.736,169,117.36031,36.68353
1698985407,"2023-11-03 04:23:27",B32EZ,CA1557,11308.08,866.736,169,117.36794,36.65253
1698985422,"2023-11-03 04:23:42",B32EZ,CA1557,11308.08,866.736,169,117.375826,36.620411
1698985437,"2023-11-03 04:23:57",B32EZ,CA1557,11308.08,868.588,169,117.38348,36.58876
1698985452,"2023-11-03 04:24:12",B32EZ,CA1557,11308.08,870.44,169,117.39126,36.55669
1698985467,"2023-11-03 04:24:27",B32EZ,CA1557,11308.08,872.292,168,117.398987,36.524643
1698985482,"2023-11-03 04:24:42",B32EZ,CA1557,11308.08,875.996,169,117.406826,36.492233
1698985497,"2023-11-03 04:24:57",B32EZ,CA1557,11308.08,877.848,169,117.414862,36.459154
1698985512,"2023-11-03 04:25:12",B32EZ,CA1557,11308.08,877.848,169,117.422343,36.428336
1698985527,"2023-11-03 04:25:27",B32EZ,CA1557,11308.08,881.552,169,117.43029,36.39561
1698985542,"2023-11-03 04:25:42",B32EZ,CA1557,11308.08,881.552,169,117.43812,36.36316
1698985557,"2023-11-03 04:25:57",B32EZ,CA1557,11308.08,885.256,168,117.446079,36.330139
1698985572,"2023-11-03 04:26:12",B32EZ,CA1557,11308.08,887.108,169,117.454016,36.297245
1698985587,"2023-11-03 04:26:27",B32EZ,CA1557,11308.08,888.96,169,117.4617,36.265366
1698985602,"2023-11-03 04:26:42",B32EZ,CA1557,11308.08,888.96,168,117.469597,36.232635
1698985617,"2023-11-03 04:26:57",B32EZ,CA1557,11308.08,892.664,169,117.477683,36.199206
1698985632,"2023-11-03 04:27:12",B32EZ,CA1557,11308.08,890.812,169,117.48551,36.16676
1698985647,"2023-11-03 04:27:27",B32EZ,CA1557,11308.08,888.96,168,117.493228,36.134638
1698985662,"2023-11-03 04:27:42",B32EZ,CA1557,11308.08,890.812,169,117.501175,36.101447
1698985677,"2023-11-03 04:27:57",B32EZ,CA1557,11308.08,888.96,169,117.509022,36.068848
1698985692,"2023-11-03 04:28:12",B32EZ,CA1557,11308.08,888.96,169,117.516918,36.035934
1698985707,"2023-11-03 04:28:27",B32EZ,CA1557,11308.08,890.812,169,117.5247,36.00343
1698985722,"2023-11-03 04:28:42",B32EZ,CA1557,11308.08,892.664,169,117.5325,35.97073
1698985737,"2023-11-03 04:28:57",B32EZ,CA1557,11308.08,901.924,169,117.54062,35.9367
1698985752,"2023-11-03 04:29:12",B32EZ,CA1557,11308.08,903.776,169,117.54898,35.90132
1698985767,"2023-11-03 04:29:27",B32EZ,CA1557,11308.08,903.776,169,117.55674,35.86885
1698985782,"2023-11-03 04:29:42",B32EZ,CA1557,11308.08,901.924,169,117.564756,35.835307
1698985797,"2023-11-03 04:29:57",B32EZ,CA1557,11308.08,900.072,169,117.572762,35.802209
1698985812,"2023-11-03 04:30:12",B32EZ,CA1557,11308.08,896.368,168,117.58078,35.76874
1698985827,"2023-11-03 04:30:27",B32EZ,CA1557,11308.08,896.368,169,117.58862,35.73587
1698985842,"2023-11-03 04:30:42",B32EZ,CA1557,11308.08,896.368,169,117.596371,35.703099
1698985857,"2023-11-03 04:30:57",B32EZ,CA1557,11308.08,894.516,169,117.60403,35.67075
1698985872,"2023-11-03 04:31:12",B32EZ,CA1557,11308.08,892.664,169,117.612032,35.636995
1698985887,"2023-11-03 04:31:27",B32EZ,CA1557,11308.08,894.516,169,117.6198,35.60417
1698985902,"2023-11-03 04:31:42",B32EZ,CA1557,11308.08,896.368,169,117.627583,35.571213
1698985917,"2023-11-03 04:31:57",B32EZ,CA1557,11308.08,900.072,169,117.63588,35.53619
1698985932,"2023-11-03 04:32:12",B32EZ,CA1557,11308.08,900.072,169,117.64359,35.50339
1698985947,"2023-11-03 04:32:27",B32EZ,CA1557,11308.08,900.072,169,117.65184,35.46835
1698985962,"2023-11-03 04:32:42",B32EZ,CA1557,11308.08,901.924,169,117.65974,35.43494
1698985977,"2023-11-03 04:32:57",B32EZ,CA1557,11308.08,900.072,169,117.667809,35.401016
1698985992,"2023-11-03 04:33:12",B32EZ,CA1557,11308.08,901.924,169,117.67542,35.36884
1698986007,"2023-11-03 04:33:27",B32EZ,CA1557,11308.08,903.776,169,117.68362,35.33371
1698986022,"2023-11-03 04:33:42",B32EZ,CA1557,11308.08,907.48,169,117.69151,35.30014
1698986037,"2023-11-03 04:33:57",B32EZ,CA1557,11308.08,909.332,169,117.699337,35.266754
1698986052,"2023-11-03 04:34:12",B32EZ,CA1557,11308.08,913.036,169,117.70723,35.23301
1698986067,"2023-11-03 04:34:27",B32EZ,CA1557,11308.08,914.888,169,117.71473,35.20113
1698986082,"2023-11-03 04:34:42",B32EZ,CA1557,11308.08,918.592,169,117.72057,35.17613
1698986097,"2023-11-03 04:34:57",B32EZ,CA1557,11308.08,918.592,169,117.72852,35.14228
1698986112,"2023-11-03 04:35:12",B32EZ,CA1557,11308.08,918.592,169,117.73653,35.10798
1698986127,"2023-11-03 04:35:27",B32EZ,CA1557,11308.08,920.444,169,117.74454,35.07395
1698986142,"2023-11-03 04:35:42",B32EZ,CA1557,11308.08,922.296,169,117.75242,35.04025
1698986157,"2023-11-03 04:35:57",B32EZ,CA1557,11308.08,918.592,169,117.76038,35.00638
1698986172,"2023-11-03 04:36:12",B32EZ,CA1557,11308.08,918.592,169,117.76943,34.96781
1698986187,"2023-11-03 04:36:27",B32EZ,CA1557,11308.08,916.74,169,117.77714,34.93442
1698986202,"2023-11-03 04:36:42",B32EZ,CA1557,11308.08,918.592,169,117.78557,34.89826
1698986217,"2023-11-03 04:36:57",B32EZ,CA1557,11308.08,914.888,169,117.79346,34.86446
1698986232,"2023-11-03 04:37:12",B32EZ,CA1557,11308.08,914.888,167,117.80146,34.83147
1698986247,"2023-11-03 04:37:27",B32EZ,CA1557,11315.7,914.888,164,117.81155,34.79819
1698986262,"2023-11-03 04:37:42",B32EZ,CA1557,11308.08,892.664,172,117.820466,34.763809
1698986277,"2023-11-03 04:37:57",B32EZ,CA1557,11308.08,868.588,181,117.82248,34.73145
1698986292,"2023-11-03 04:38:12",B32EZ,CA1557,11308.08,866.736,180,117.82198,34.69894
1698986307,"2023-11-03 04:38:27",B32EZ,CA1557,11308.08,870.44,179,117.82209,34.66713
1698986322,"2023-11-03 04:38:42",B32EZ,CA1557,11308.08,881.552,175,117.823997,34.634583
1698986337,"2023-11-03 04:38:57",B32EZ,CA1557,11308.08,888.96,172,117.82848,34.60139
1698986352,"2023-11-03 04:39:12",B32EZ,CA1557,11308.08,900.072,169,117.83532,34.5683
1698986367,"2023-11-03 04:39:27",B32EZ,CA1557,11308.08,907.48,166,117.84416,34.53534
1698986382,"2023-11-03 04:39:42",B32EZ,CA1557,11308.08,914.888,163,117.85606,34.4993
1698986397,"2023-11-03 04:39:57",B32EZ,CA1557,11308.08,916.74,163,117.86805,34.467
1698986417,"2023-11-03 04:40:17",B32EZ,CA1557,11308.08,914.888,163,117.88067,34.43234
1698986432,"2023-11-03 04:40:32",B32EZ,CA1557,11308.08,913.036,163,117.89244,34.3992
1698986447,"2023-11-03 04:40:47",B32EZ,CA1557,11308.08,914.888,163,117.90432,34.36551
1698986462,"2023-11-03 04:41:02",B32EZ,CA1557,11308.08,914.888,163,117.91563,34.33344
1698986477,"2023-11-03 04:41:17",B32EZ,CA1557,11308.08,911.184,163,117.92765,34.29974
1698986492,"2023-11-03 04:41:32",B32EZ,CA1557,11308.08,911.184,163,117.9393,34.26709
1698986507,"2023-11-03 04:41:47",B32EZ,CA1557,11308.08,909.332,163,117.95088,34.2347
1698986522,"2023-11-03 04:42:02",B32EZ,CA1557,11308.08,909.332,163,117.96278,34.20184
1698986537,"2023-11-03 04:42:17",B32EZ,CA1557,11308.08,909.332,163,117.97474,34.1693
1698986552,"2023-11-03 04:42:32",B32EZ,CA1557,11308.08,907.48,163,117.98728,34.13521
1698986567,"2023-11-03 04:42:47",B32EZ,CA1557,11308.08,907.48,163,118.00023,34.09982
1698986582,"2023-11-03 04:43:02",B32EZ,CA1557,11308.08,907.48,163,118.01262,34.06586
1698986597,"2023-11-03 04:43:17",B32EZ,CA1557,11308.08,911.184,163,118.02388,34.03482
1698986612,"2023-11-03 04:43:32",B32EZ,CA1557,11308.08,913.036,163,118.03596,34.00152
1698986627,"2023-11-03 04:43:47",B32EZ,CA1557,11308.08,916.74,163,118.04764,33.96926
1698986642,"2023-11-03 04:44:02",B32EZ,CA1557,11308.08,918.592,163,118.05953,33.93668
1698986657,"2023-11-03 04:44:17",B32EZ,CA1557,11231.88,907.48,162,118.07321,33.89937
1698986672,"2023-11-03 04:44:32",B32EZ,CA1557,11163.3,901.924,160,118.08599,33.86678
1698986687,"2023-11-03 04:44:47",B32EZ,CA1557,11087.1,911.184,157,118.10108,33.83389
1698986702,"2023-11-03 04:45:02",B32EZ,CA1557,11026.14,920.444,155,118.11298,33.81094
1698986717,"2023-11-03 04:45:17",B32EZ,CA1557,10949.94,933.408,152,118.13192,33.7784
1698986731,"2023-11-03 04:45:31",B32EZ,CA1557,10873.74,940.816,150,118.15185,33.74808
1698986746,"2023-11-03 04:45:46",B32EZ,CA1557,10805.16,944.52,148,118.174438,33.717178
1698986761,"2023-11-03 04:46:01",B32EZ,CA1557,10728.96,951.928,145,118.19939,33.6866
1698986776,"2023-11-03 04:46:16",B32EZ,CA1557,10652.76,944.52,144,118.22531,33.65601
1698986791,"2023-11-03 04:46:31",B32EZ,CA1557,10576.56,944.52,145,118.24837,33.62831
1698986806,"2023-11-03 04:46:46",B32EZ,CA1557,10500.36,942.668,145,118.27532,33.59573
1698986826,"2023-11-03 04:47:06",B32EZ,CA1557,10401.3,946.372,145,118.30719,33.55699
1698986841,"2023-11-03 04:47:21",B32EZ,CA1557,10347.96,948.224,145,118.32421,33.53628
1698986856,"2023-11-03 04:47:36",B32EZ,CA1557,10264.14,950.076,145,118.34994,33.50514
1698986871,"2023-11-03 04:47:51",B32EZ,CA1557,10195.56,946.372,145,118.372304,33.478042
1698986886,"2023-11-03 04:48:06",B32EZ,CA1557,10119.36,944.52,145,118.39658,33.44876
1698986901,"2023-11-03 04:48:21",B32EZ,CA1557,10088.88,942.668,145,118.4223,33.41766
1698986916,"2023-11-03 04:48:36",B32EZ,CA1557,10081.26,942.668,145,118.45039,33.38373
1698986931,"2023-11-03 04:48:51",B32EZ,CA1557,9997.44,942.668,145,118.47349,33.35568
1698986946,"2023-11-03 04:49:06",B32EZ,CA1557,9913.62,937.112,145,118.49947,33.32401
1698986961,"2023-11-03 04:49:21",B32EZ,CA1557,9845.04,927.852,145,118.5223,33.2963
1698986976,"2023-11-03 04:49:36",B32EZ,CA1557,9784.08,927.852,145,118.543321,33.270884
1698986991,"2023-11-03 04:49:51",B32EZ,CA1557,9707.88,922.296,145,118.566079,33.243232
1698987006,"2023-11-03 04:50:06",B32EZ,CA1557,9631.68,916.74,145,118.59055,33.21346
1698987021,"2023-11-03 04:50:21",B32EZ,CA1557,9547.86,911.184,145,118.61288,33.18616
1698987036,"2023-11-03 04:50:36",B32EZ,CA1557,9479.28,905.628,145,118.63559,33.15848
1698987051,"2023-11-03 04:50:51",B32EZ,CA1557,9395.46,903.776,145,118.661032,33.127783
1698987066,"2023-11-03 04:51:06",B32EZ,CA1557,9326.88,900.072,145,118.683621,33.100736
1698987081,"2023-11-03 04:51:21",B32EZ,CA1557,9250.68,900.072,145,118.706322,33.073549
1698987096,"2023-11-03 04:51:36",B32EZ,CA1557,9174.48,892.664,145,118.72936,33.04596
1698987111,"2023-11-03 04:51:51",B32EZ,CA1557,9029.7,890.812,144,118.75357,33.0168
1698987126,"2023-11-03 04:52:06",B32EZ,CA1557,8915.4,890.812,144,118.770839,32.995993
1698987141,"2023-11-03 04:52:21",B32EZ,CA1557,8763,888.96,145,118.79418,32.96782
1698987156,"2023-11-03 04:52:36",B32EZ,CA1557,8618.22,888.96,145,118.815765,32.941681
1698987171,"2023-11-03 04:52:51",B32EZ,CA1557,8465.82,888.96,145,118.838551,32.914061
1698987186,"2023-11-03 04:53:06",B32EZ,CA1557,8313.42,887.108,145,118.861645,32.886037
1698987201,"2023-11-03 04:53:21",B32EZ,CA1557,8161.02,874.144,145,118.88311,32.86001
1698987216,"2023-11-03 04:53:36",B32EZ,CA1557,8001,863.032,145,118.90632,32.83176
1698987231,"2023-11-03 04:53:51",B32EZ,CA1557,7840.98,855.624,145,118.93063,32.80229
1698987246,"2023-11-03 04:54:06",B32EZ,CA1557,7688.58,846.364,144,118.952282,32.77622
1698987261,"2023-11-03 04:54:21",B32EZ,CA1557,7536.18,837.104,145,118.97336,32.75093
1698987276,"2023-11-03 04:54:36",B32EZ,CA1557,7383.78,825.992,145,118.99477,32.725292
1698987291,"2023-11-03 04:54:51",B32EZ,CA1557,7223.76,820.436,144,119.01747,32.69797
1698987306,"2023-11-03 04:55:06",B32EZ,CA1557,7132.32,822.288,144,119.03877,32.67232
1698987326,"2023-11-03 04:55:26",B32EZ,CA1557,7048.5,820.436,145,119.0622,32.64406
1698987341,"2023-11-03 04:55:41",B32EZ,CA1557,6964.68,813.028,143,119.08488,32.61786
1698987356,"2023-11-03 04:55:56",B32EZ,CA1557,6880.86,800.064,140,119.1108,32.59035
1698987371,"2023-11-03 04:56:11",B32EZ,CA1557,6804.66,792.656,141,119.13327,32.56705
1698987386,"2023-11-03 04:56:26",B32EZ,CA1557,6743.7,788.952,141,119.150596,32.548999
1698987401,"2023-11-03 04:56:41",B32EZ,CA1557,6667.5,788.952,141,119.17184,32.52661
1698987416,"2023-11-03 04:56:56",B32EZ,CA1557,6591.3,788.952,142,119.19392,32.50301
1698987431,"2023-11-03 04:57:11",B32EZ,CA1557,6515.1,785.248,141,119.21501,32.48026
1698987446,"2023-11-03 04:57:26",B32EZ,CA1557,6438.9,779.692,142,119.23638,32.45714
1698987461,"2023-11-03 04:57:41",B32EZ,CA1557,6370.32,777.84,142,119.25754,32.4342
1698987476,"2023-11-03 04:57:56",B32EZ,CA1557,6316.98,777.84,141,119.278839,32.411133
1698987491,"2023-11-03 04:58:11",B32EZ,CA1557,6309.36,781.544,142,119.30142,32.38669
1698987506,"2023-11-03 04:58:26",B32EZ,CA1557,6309.36,781.544,142,119.323182,32.363069
1698987521,"2023-11-03 04:58:41",B32EZ,CA1557,6309.36,781.544,142,119.34381,32.340724
1698987536,"2023-11-03 04:58:56",B32EZ,CA1557,6309.36,781.544,142,119.36517,32.31749
1698987551,"2023-11-03 04:59:11",B32EZ,CA1557,6309.36,774.136,141,119.38652,32.29431
1698987566,"2023-11-03 04:59:26",B32EZ,CA1557,6309.36,766.728,142,119.40936,32.26955
1698987581,"2023-11-03 04:59:41",B32EZ,CA1557,6309.36,763.024,142,119.42952,32.24771
1698987596,"2023-11-03 04:59:56",B32EZ,CA1557,6309.36,763.024,142,119.45087,32.224483
1698987611,"2023-11-03 05:00:11",B32EZ,CA1557,6309.36,764.876,142,119.47088,32.20271
1698987626,"2023-11-03 05:00:26",B32EZ,CA1557,6309.36,764.876,141,119.492125,32.179607
1698987641,"2023-11-03 05:00:41",B32EZ,CA1557,6309.36,768.58,142,119.51252,32.15735
1698987656,"2023-11-03 05:00:56",B32EZ,CA1557,6309.36,775.988,142,119.5336,32.13436
1698987671,"2023-11-03 05:01:11",B32EZ,CA1557,6294.12,775.988,142,119.55509,32.11084
1698987686,"2023-11-03 05:01:26",B32EZ,CA1557,6217.92,770.432,142,119.575812,32.088271
1698987701,"2023-11-03 05:01:41",B32EZ,CA1557,6141.72,763.024,142,119.59627,32.06593
1698987716,"2023-11-03 05:01:56",B32EZ,CA1557,6065.52,755.616,142,119.61727,32.043
1698987731,"2023-11-03 05:02:11",B32EZ,CA1557,5989.32,753.764,142,119.638092,32.020248
1698987746,"2023-11-03 05:02:26",B32EZ,CA1557,5913.12,748.208,142,119.65849,31.99796
1698987761,"2023-11-03 05:02:41",B32EZ,CA1557,5836.92,742.652,142,119.677863,31.976761
1698987776,"2023-11-03 05:02:56",B32EZ,CA1557,5760.72,738.948,141,119.698682,31.954056
1698987791,"2023-11-03 05:03:11",B32EZ,CA1557,5707.38,738.948,128,119.72115,31.93488
1698987806,"2023-11-03 05:03:26",B32EZ,CA1557,5699.76,744.504,122,119.74918,31.91905
1698987821,"2023-11-03 05:03:41",B32EZ,CA1557,5654.04,746.356,123,119.7757,31.90453
1698987836,"2023-11-03 05:03:56",B32EZ,CA1557,5577.84,744.504,124,119.803052,31.888779
1698987851,"2023-11-03 05:04:11",B32EZ,CA1557,5501.64,740.8,125,119.83013,31.87285
1698987866,"2023-11-03 05:04:26",B32EZ,CA1557,5425.44,737.096,124,119.856775,31.857239
1698987881,"2023-11-03 05:04:41",B32EZ,CA1557,5356.86,727.836,124,119.883485,31.841731
1698987896,"2023-11-03 05:04:56",B32EZ,CA1557,5280.66,720.428,124,119.91105,31.82579
1698987911,"2023-11-03 05:05:11",B32EZ,CA1557,5196.84,714.872,124,119.93851,31.80995
1698987926,"2023-11-03 05:05:26",B32EZ,CA1557,5120.64,711.168,123,119.96477,31.7948
1698987941,"2023-11-03 05:05:41",B32EZ,CA1557,5044.44,711.168,124,119.98954,31.78056
1698987956,"2023-11-03 05:05:56",B32EZ,CA1557,4968.24,711.168,124,120.01653,31.765
1698987971,"2023-11-03 05:06:11",B32EZ,CA1557,4892.04,705.612,124,120.04168,31.75044
1698987986,"2023-11-03 05:06:26",B32EZ,CA1557,4815.84,709.316,124,120.06732,31.73566
1698988001,"2023-11-03 05:06:41",B32EZ,CA1557,4747.26,709.316,124,120.09355,31.7205
1698988016,"2023-11-03 05:06:56",B32EZ,CA1557,4671.06,705.612,124,120.1188,31.70589
1698988031,"2023-11-03 05:07:11",B32EZ,CA1557,4594.86,703.76,124,120.14492,31.69075
1698988046,"2023-11-03 05:07:26",B32EZ,CA1557,4526.28,700.056,124,120.1706,31.67587
1698988061,"2023-11-03 05:07:41",B32EZ,CA1557,4511.04,700.056,124,120.19548,31.66134
1698988076,"2023-11-03 05:07:56",B32EZ,CA1557,4511.04,700.056,124,120.22118,31.64639
1698988091,"2023-11-03 05:08:11",B32EZ,CA1557,4511.04,698.204,124,120.24591,31.63201
1698988106,"2023-11-03 05:08:26",B32EZ,CA1557,4457.7,698.204,124,120.27151,31.61712
1698988121,"2023-11-03 05:08:41",B32EZ,CA1557,4381.5,696.352,124,120.297162,31.602219
1698988136,"2023-11-03 05:08:56",B32EZ,CA1557,4305.3,700.056,117,120.32275,31.58871
1698988151,"2023-11-03 05:09:11",B32EZ,CA1557,4229.1,705.612,108,120.35127,31.57918
1698988166,"2023-11-03 05:09:26",B32EZ,CA1557,4152.9,707.464,108,120.38118,31.57086
1698988181,"2023-11-03 05:09:41",B32EZ,CA1557,4076.7,707.464,109,120.410372,31.562393
1698988196,"2023-11-03 05:09:56",B32EZ,CA1557,4008.12,709.316,109,120.44005,31.55351
1698988211,"2023-11-03 05:10:11",B32EZ,CA1557,3886.2,707.464,109,120.469342,31.544678
1698988226,"2023-11-03 05:10:26",B32EZ,CA1557,3749.04,707.464,109,120.498706,31.535836
1698988241,"2023-11-03 05:10:41",B32EZ,CA1557,3634.74,705.612,109,120.52815,31.52701
1698988256,"2023-11-03 05:10:56",B32EZ,CA1557,3604.26,679.684,109,120.556264,31.518585
1698988271,"2023-11-03 05:11:11",B32EZ,CA1557,3596.64,648.2,109,120.58363,31.51042
1698988286,"2023-11-03 05:11:26",B32EZ,CA1557,3596.64,620.42,109,120.610547,31.502458
1698988301,"2023-11-03 05:11:41",B32EZ,CA1557,3596.64,598.196,109,120.6356,31.49501
1698988316,"2023-11-03 05:11:56",B32EZ,CA1557,3589.02,574.12,109,120.660041,31.487686
1698988331,"2023-11-03 05:12:11",B32EZ,CA1557,3528.06,551.896,109,120.68341,31.48068
1698988346,"2023-11-03 05:12:26",B32EZ,CA1557,3398.52,546.34,109,120.707164,31.473541
1698988361,"2023-11-03 05:12:41",B32EZ,CA1557,3253.74,542.636,109,120.729514,31.466766
1698988376,"2023-11-03 05:12:56",B32EZ,CA1557,3131.82,535.228,109,120.751863,31.460083
1698988391,"2023-11-03 05:13:11",B32EZ,CA1557,3009.9,527.82,109,120.77367,31.45354
1698988406,"2023-11-03 05:13:26",B32EZ,CA1557,2842.26,525.968,109,120.795378,31.447037
1698988421,"2023-11-03 05:13:41",B32EZ,CA1557,2674.62,535.228,109,120.81198,31.44208
1698988436,"2023-11-03 05:13:56",B32EZ,CA1557,2491.74,551.896,110,120.834668,31.43519
1698988451,"2023-11-03 05:14:11",B32EZ,CA1557,2415.54,542.636,110,120.857025,31.428347
1698988466,"2023-11-03 05:14:26",B32EZ,CA1557,2346.96,527.82,109,120.880199,31.42131
1698988481,"2023-11-03 05:14:41",B32EZ,CA1557,2293,494.3,109,120.903333,31.414381
1698988496,"2023-11-03 05:14:56",B32EZ,CA1557,2232.66,463,109,120.9252,31.40782
1698988516,"2023-11-03 05:15:16",B32EZ,CA1557,2148.84,451.6,109,120.94607,31.40163
1698988531,"2023-11-03 05:15:31",B32EZ,CA1557,1981.2,448.184,94,120.97019,31.39851
1698988546,"2023-11-03 05:15:46",B32EZ,CA1557,1920.24,444.48,93,120.989191,31.397529
1698988561,"2023-11-03 05:16:01",B32EZ,CA1557,1851.66,444.48,94,121.008642,31.396454
1698988576,"2023-11-03 05:16:16",B32EZ,CA1557,1805,445.7,94,121.02636,31.395309
1698988591,"2023-11-03 05:16:31",B32EZ,CA1557,1798.32,446.332,95,121.047858,31.393758
1698988606,"2023-11-03 05:16:46",B32EZ,CA1557,1798.32,444.48,94,121.066974,31.392408
1698988621,"2023-11-03 05:17:01",B32EZ,CA1557,1744.98,442.628,95,121.086785,31.391006
1698988636,"2023-11-03 05:17:16",B32EZ,CA1557,1676.4,440.776,94,121.105646,31.389708
1698988651,"2023-11-03 05:17:31",B32EZ,CA1557,1645.92,420.404,95,121.12465,31.38845
1698988666,"2023-11-03 05:17:46",B32EZ,CA1557,1607.82,387.068,94,121.142395,31.387288
1698988685,"2023-11-03 05:18:05",B32EZ,CA1557,1584.96,366.696,94,121.15938,31.38615
1698988700,"2023-11-03 05:18:20",B32EZ,CA1557,1554.48,357.436,94,121.17516,31.38506
1698988715,"2023-11-03 05:18:35",B32EZ,CA1557,1501.14,359.288,94,121.19079,31.38398
1698988730,"2023-11-03 05:18:50",B32EZ,CA1557,1485.9,351.88,80,121.206557,31.384277
1698988745,"2023-11-03 05:19:05",B32EZ,CA1557,1424.94,346.324,73,121.22161,31.38771
1698988760,"2023-11-03 05:19:20",B32EZ,CA1557,1310.64,359.288,73,121.236823,31.39171
1698988775,"2023-11-03 05:19:35",B32EZ,CA1557,1242,358,73,121.251709,31.395481
1698988790,"2023-11-03 05:19:50",B32EZ,CA1557,1143,353.732,74,121.26639,31.3992
1698988805,"2023-11-03 05:20:05",B32EZ,CA1557,1043,349.9,79,121.281812,31.402743
1698988820,"2023-11-03 05:20:20",B32EZ,CA1557,975.36,350.028,116,121.29615,31.40083
1698988835,"2023-11-03 05:20:35",B32EZ,CA1557,891.54,348.176,142,121.3073,31.392129
1698988850,"2023-11-03 05:20:50",B32EZ,CA1557,807,351.9,145,121.315704,31.38212
1698988865,"2023-11-03 05:21:05",B32EZ,CA1557,731.52,350.028,160,121.323175,31.369738
1698988880,"2023-11-03 05:21:20",B32EZ,CA1557,685,350.8,170,121.326707,31.357544
1698988895,"2023-11-03 05:21:35",B32EZ,CA1557,640.08,346.324,176,121.328339,31.344041
1698988910,"2023-11-03 05:21:50",B32EZ,CA1557,586.74,325.952,177,121.329076,31.331085
1698988925,"2023-11-03 05:22:05",B32EZ,CA1557,556,315.1,177,121.329669,31.320557
1698988940,"2023-11-03 05:22:20",B32EZ,CA1557,548.64,300.024,178,121.33037,31.30788
1698988955,"2023-11-03 05:22:35",B32EZ,CA1557,495,276.3,177,121.33092,31.297163
1698988970,"2023-11-03 05:22:50",B32EZ,CA1557,441.96,255.576,178,121.3315,31.28714
1698988985,"2023-11-03 05:23:05",B32EZ,CA1557,381,233.352,177,121.331964,31.278123
1698989000,"2023-11-03 05:23:20",B32EZ,CA1557,342.9,250.02,177,121.332415,31.269104
1698989015,"2023-11-03 05:23:35",B32EZ,CA1557,297.18,250.02,177,121.33295,31.25941
1698989030,"2023-11-03 05:23:50",B32EZ,CA1557,236.22,240.76,177,121.33349,31.25015
1698989045,"2023-11-03 05:24:05",B32EZ,CA1557,182.88,248.168,177,121.333977,31.240952
1698989060,"2023-11-03 05:24:20",B32EZ,CA1557,129.54,240.76,177,121.33452,31.23088
1698989076,"2023-11-03 05:24:36",B32EZ,CA1557,91.44,237.056,177,121.334875,31.223843
1698989088,"2023-11-03 05:24:48",B32EZ,CA1557,38.1,235.204,177,121.33538,31.2149
1698989106,"2023-11-03 05:25:06",B32EZ,CA1557,-15.24,240.76,177,121.33603,31.20369
1698989117,"2023-11-03 05:25:17",B32EZ,CA1557,0,159.272,177,121.33624,31.19921
1698989195,"2023-11-03 05:26:35",B32EZ,CA1557,0,22.224,191,121.33496,31.18792
1698989220,"2023-11-03 05:27:00",B32EZ,CA1557,0,29.632,177,121.33503,31.1862
1698989321,"2023-11-03 05:28:41",B32EZ,CA1557,0,27.78,267,121.33264,31.18476
1698989335,"2023-11-03 05:28:55",B32EZ,CA1557,0,16.668,272,121.3315,31.18473
1698989348,"2023-11-03 05:29:08",B32EZ,CA1557,0,18.52,334,121.33122,31.18516
1698989405,"2023-11-03 05:30:05",B32EZ,CA1557,0,31.484,357,121.33104,31.18911
1698989417,"2023-11-03 05:30:17",B32EZ,CA1557,0,35.188,357,121.331,31.18982
1698989461,"2023-11-03 05:31:01",B32EZ,CA1557,0,35.188,357,121.33081,31.19328
1698989514,"2023-11-03 05:31:54",B32EZ,CA1557,0,5.556,357,121.33068,31.19572
