Time,"UTC TIME",Anum,Fnum,Height,Speed,Angle,Longitude,Latitude
1687790664,"2023-06-26 14:44:24",B5979,HU7607,922.02,314.84,354,116.59004,40.12901
1687790678,"2023-06-26 14:44:38",B5979,HU7607,1074.42,320.396,354,116.58854,40.14083
1687790689,"2023-06-26 14:44:49",B5979,HU7607,1165.86,329.656,354,116.58746,40.14926
1687790703,"2023-06-26 14:45:03",B5979,HU7607,1249.68,370.4,354,116.58573,40.16192
1687790719,"2023-06-26 14:45:19",B5979,HU7607,1325.88,418.552,354,116.58361,40.17756
1687790730,"2023-06-26 14:45:30",B5979,HU7607,1386.84,457.444,354,116.58217,40.188174
1687790743,"2023-06-26 14:45:43",B5979,HU7607,1600.2,474.112,355,116.5799,40.20561
1687790758,"2023-06-26 14:45:58",B5979,HU7607,1866.9,479.668,14,116.58167,40.22411
1687790774,"2023-06-26 14:46:14",B5979,HU7607,2095.5,507.448,44,116.594788,40.240128
1687790788,"2023-06-26 14:46:28",B5979,HU7607,2293.62,540.784,71,116.616752,40.250275
1687790803,"2023-06-26 14:46:43",B5979,HU7607,2545.08,550.044,84,116.64362,40.25368
1687790818,"2023-06-26 14:46:58",B5979,HU7607,2788.92,559.304,84,116.670837,40.255692
1687790834,"2023-06-26 14:47:14",B5979,HU7607,3055.62,564.86,84,116.698026,40.25763
1687790848,"2023-06-26 14:47:28",B5979,HU7607,3291.84,574.12,85,116.72499,40.25945
1687790863,"2023-06-26 14:47:43",B5979,HU7607,3413.76,611.16,85,116.7547,40.261368
1687790878,"2023-06-26 14:47:58",B5979,HU7607,3535.68,648.2,91,116.785729,40.262612
1687790893,"2023-06-26 14:48:13",B5979,HU7607,3589.02,692.648,111,116.81707,40.25703
1687790908,"2023-06-26 14:48:28",B5979,HU7607,3596.64,709.316,131,116.84572,40.24273
1687790923,"2023-06-26 14:48:43",B5979,HU7607,3619.5,711.168,152,116.86615,40.221725
1687790938,"2023-06-26 14:48:58",B5979,HU7607,3802.38,707.464,163,116.87793,40.196686
1687790953,"2023-06-26 14:49:13",B5979,HU7607,4038.6,714.872,163,116.88843,40.17091
1687790968,"2023-06-26 14:49:28",B5979,HU7607,4282.44,718.576,163,116.89865,40.14558
1687790983,"2023-06-26 14:49:43",B5979,HU7607,4518.66,724.132,163,116.90895,40.11998
1687790994,"2023-06-26 14:49:54",B5979,HU7607,4655.82,727.836,163,116.91594,40.10261
1687791008,"2023-06-26 14:50:08",B5979,HU7607,4823.46,733.392,163,116.92676,40.07574
1687791023,"2023-06-26 14:50:23",B5979,HU7607,4983.48,714.872,163,116.937073,40.050339
1687791038,"2023-06-26 14:50:38",B5979,HU7607,5135.88,705.612,163,116.94727,40.02493
1687791053,"2023-06-26 14:50:53",B5979,HU7607,5303.52,701.908,162,116.95734,39.99976
1687791064,"2023-06-26 14:51:04",B5979,HU7607,5394.96,707.464,165,116.96368,39.98305
1687791078,"2023-06-26 14:51:18",B5979,HU7607,5547.36,700.056,185,116.96582,39.95618
1687791093,"2023-06-26 14:51:33",B5979,HU7607,5669.28,700.056,190,116.96026,39.9306
1687791104,"2023-06-26 14:51:44",B5979,HU7607,5692.14,703.76,190,116.95621,39.91351
1687791118,"2023-06-26 14:51:58",B5979,HU7607,5699.76,707.464,190,116.949702,39.885864
1687791129,"2023-06-26 14:52:09",B5979,HU7607,5699.76,709.316,190,116.94594,39.869797
1687791143,"2023-06-26 14:52:23",B5979,HU7607,5699.76,709.316,191,116.93994,39.84373
1687791158,"2023-06-26 14:52:38",B5979,HU7607,5699.76,705.612,190,116.93388,39.81734
1687791174,"2023-06-26 14:52:54",B5979,HU7607,5699.76,700.056,190,116.92804,39.79183
1687791188,"2023-06-26 14:53:08",B5979,HU7607,5699.76,694.5,190,116.92194,39.76552
1687791203,"2023-06-26 14:53:23",B5979,HU7607,5715,690.796,190,116.9162,39.74067
1687791218,"2023-06-26 14:53:38",B5979,HU7607,5836.92,692.648,185,116.91144,39.71483
1687791229,"2023-06-26 14:53:49",B5979,HU7607,5966.46,700.056,177,116.91168,39.69709
1687791243,"2023-06-26 14:54:03",B5979,HU7607,6172.2,707.464,175,116.91455,39.66986
1687791258,"2023-06-26 14:54:18",B5979,HU7607,6278.88,718.576,175,116.9173,39.64454
1687791273,"2023-06-26 14:54:33",B5979,HU7607,6309.36,725.984,175,116.92023,39.6174
1687791288,"2023-06-26 14:54:48",B5979,HU7607,6316.98,725.984,175,116.92322,39.59049
1687791303,"2023-06-26 14:55:03",B5979,HU7607,6309.36,725.984,175,116.92642,39.5614
1687791314,"2023-06-26 14:55:14",B5979,HU7607,6309.36,725.984,175,116.92845,39.54295
1687791329,"2023-06-26 14:55:29",B5979,HU7607,6309.36,722.28,175,116.93149,39.51585
1687791343,"2023-06-26 14:55:43",B5979,HU7607,6309.36,722.28,175,116.93439,39.48905
1687791358,"2023-06-26 14:55:58",B5979,HU7607,6309.36,727.836,175,116.93744,39.46084
1687791373,"2023-06-26 14:56:13",B5979,HU7607,6309.36,725.984,175,116.94025,39.43505
1687791384,"2023-06-26 14:56:24",B5979,HU7607,6309.36,724.132,175,116.9423,39.41702
1687791398,"2023-06-26 14:56:38",B5979,HU7607,6309.36,722.28,175,116.94534,39.38933
1687791413,"2023-06-26 14:56:53",B5979,HU7607,6309.36,722.28,175,116.94821,39.36259
1687791424,"2023-06-26 14:57:04",B5979,HU7607,6309.36,724.132,175,116.9502,39.34493
1687791438,"2023-06-26 14:57:18",B5979,HU7607,6309.36,725.984,175,116.95316,39.31737
1687791449,"2023-06-26 14:57:29",B5979,HU7607,6309.36,729.688,175,116.9552,39.29884
1687791463,"2023-06-26 14:57:43",B5979,HU7607,6309.36,729.688,175,116.95819,39.27161
1687791479,"2023-06-26 14:57:59",B5979,HU7607,6309.36,725.984,175,116.96123,39.24422
1687791493,"2023-06-26 14:58:13",B5979,HU7607,6309.36,725.984,175,116.96411,39.21728
1687791504,"2023-06-26 14:58:24",B5979,HU7607,6309.36,727.836,175,116.96606,39.19949
1687791518,"2023-06-26 14:58:38",B5979,HU7607,6309.36,727.836,175,116.96905,39.17226
1687791533,"2023-06-26 14:58:53",B5979,HU7607,6309.36,724.132,175,116.97203,39.14507
1687791548,"2023-06-26 14:59:08",B5979,HU7607,6309.36,727.836,175,116.97496,39.11783
1687791563,"2023-06-26 14:59:23",B5979,HU7607,6309.36,755.616,175,116.97803,39.08977
1687791578,"2023-06-26 14:59:38",B5979,HU7607,6301.74,775.988,175,116.98114,39.06096
1687791593,"2023-06-26 14:59:53",B5979,HU7607,6309.36,785.248,175,116.98419,39.03261
1687791604,"2023-06-26 15:00:04",B5979,HU7607,6316.98,787.1,175,116.98636,39.01241
1687791618,"2023-06-26 15:00:18",B5979,HU7607,6461.76,785.248,175,116.98959,38.98329
1687791633,"2023-06-26 15:00:33",B5979,HU7607,6697.98,783.396,175,116.99305,38.95212
1687791648,"2023-06-26 15:00:48",B5979,HU7607,6842.76,788.952,175,116.99622,38.92228
1687791663,"2023-06-26 15:01:03",B5979,HU7607,6888.48,792.656,175,116.99938,38.89307
1687791678,"2023-06-26 15:01:18",B5979,HU7607,6896.1,790.804,175,117.00266,38.86359
1687791693,"2023-06-26 15:01:33",B5979,HU7607,6888.48,788.952,175,117.00574,38.83448
1687791708,"2023-06-26 15:01:48",B5979,HU7607,6896.1,783.396,175,117.00893,38.8049
1687791723,"2023-06-26 15:02:03",B5979,HU7607,6888.48,787.1,175,117.01204,38.77574
1687791738,"2023-06-26 15:02:18",B5979,HU7607,6888.48,783.396,175,117.0152,38.74608
1687791753,"2023-06-26 15:02:33",B5979,HU7607,6888.48,788.952,175,117.01849,38.7154
1687791767,"2023-06-26 15:02:47",B5979,HU7607,6880.86,788.952,175,117.02155,38.68756
1687791778,"2023-06-26 15:02:58",B5979,HU7607,6888.48,785.248,175,117.02368,38.66717
1687791792,"2023-06-26 15:03:12",B5979,HU7607,6934.2,787.1,175,117.02612,38.6446
1687791807,"2023-06-26 15:03:27",B5979,HU7607,7117.08,788.952,175,117.02924,38.61573
1687791818,"2023-06-26 15:03:38",B5979,HU7607,7223.76,790.804,175,117.03126,38.5968
1687791832,"2023-06-26 15:03:52",B5979,HU7607,7391.4,794.508,175,117.03448,38.56699
1687791847,"2023-06-26 15:04:07",B5979,HU7607,7559.04,796.36,175,117.03777,38.5361
1687791863,"2023-06-26 15:04:23",B5979,HU7607,7719.06,800.064,175,117.04114,38.50447
1687791874,"2023-06-26 15:04:34",B5979,HU7607,7810.5,803.768,175,117.04321,38.48501
1687791887,"2023-06-26 15:04:47",B5979,HU7607,7932.42,813.028,175,117.04637,38.45535
1687791902,"2023-06-26 15:05:02",B5979,HU7607,8054.34,820.436,175,117.04962,38.42454
1687791917,"2023-06-26 15:05:17",B5979,HU7607,8176.26,825.992,175,117.052898,38.394424
1687791932,"2023-06-26 15:05:32",B5979,HU7607,8305.8,829.696,175,117.056162,38.363606
1687791947,"2023-06-26 15:05:47",B5979,HU7607,8450.58,831.548,175,117.05968,38.33018
1687791962,"2023-06-26 15:06:02",B5979,HU7607,8587.74,837.104,175,117.06307,38.29861
1687791977,"2023-06-26 15:06:17",B5979,HU7607,8717.28,842.66,175,117.06637,38.26724
1687791992,"2023-06-26 15:06:32",B5979,HU7607,8839.2,844.512,175,117.06967,38.235992
1687792008,"2023-06-26 15:06:48",B5979,HU7607,8983.98,848.216,175,117.073527,38.199554
1687792023,"2023-06-26 15:07:03",B5979,HU7607,9113.52,848.216,175,117.07694,38.16725
1687792037,"2023-06-26 15:07:17",B5979,HU7607,9265.92,848.216,175,117.080189,38.136749
1687792056,"2023-06-26 15:07:36",B5979,HU7607,9418.32,844.512,175,117.08369,38.10361
1687792071,"2023-06-26 15:07:51",B5979,HU7607,9593.58,838.956,175,117.0872,38.07056
1687792082,"2023-06-26 15:08:02",B5979,HU7607,9700.26,835.252,175,117.089419,38.049891
1687792096,"2023-06-26 15:08:16",B5979,HU7607,9890.76,827.844,175,117.09281,38.01796
1687792111,"2023-06-26 15:08:31",B5979,HU7607,10035.54,824.14,175,117.09603,37.98752
1687792126,"2023-06-26 15:08:46",B5979,HU7607,10081.26,833.4,175,117.09941,37.95479
1687792141,"2023-06-26 15:09:01",B5979,HU7607,10088.88,844.512,175,117.10275,37.9227
1687792156,"2023-06-26 15:09:16",B5979,HU7607,10088.88,844.512,175,117.10602,37.8912
1687792167,"2023-06-26 15:09:27",B5979,HU7607,10088.88,842.66,175,117.108406,37.869221
1687792181,"2023-06-26 15:09:41",B5979,HU7607,10088.88,840.808,175,117.11181,37.83696
1687792196,"2023-06-26 15:09:56",B5979,HU7607,10088.88,840.808,175,117.11513,37.80533
1687792208,"2023-06-26 15:10:08",B5979,HU7607,10088.88,838.956,175,117.11736,37.78412
1687792222,"2023-06-26 15:10:22",B5979,HU7607,10134.6,837.104,175,117.12059,37.75317
1687792236,"2023-06-26 15:10:36",B5979,HU7607,10248.9,837.104,175,117.1239,37.72183
1687792247,"2023-06-26 15:10:47",B5979,HU7607,10332.72,840.808,175,117.12614,37.70038
1687792261,"2023-06-26 15:11:01",B5979,HU7607,10469.88,838.956,175,117.129452,37.669189
1687792276,"2023-06-26 15:11:16",B5979,HU7607,10607.04,837.104,175,117.132783,37.637192
1687792291,"2023-06-26 15:11:31",B5979,HU7607,10683.24,837.104,175,117.13588,37.60762
1687792306,"2023-06-26 15:11:46",B5979,HU7607,10698.48,840.808,175,117.13922,37.57534
1687792321,"2023-06-26 15:12:01",B5979,HU7607,10698.48,842.66,175,117.1426,37.54294
1687792332,"2023-06-26 15:12:12",B5979,HU7607,10698.48,842.66,175,117.14371,37.53227
1687792346,"2023-06-26 15:12:26",B5979,HU7607,10698.48,840.808,175,117.147041,37.500458
1687792357,"2023-06-26 15:12:37",B5979,HU7607,10698.48,842.66,175,117.14915,37.47972
1687792371,"2023-06-26 15:12:51",B5979,HU7607,10698.48,838.956,175,117.152476,37.44809
1687792386,"2023-06-26 15:13:06",B5979,HU7607,10698.48,838.956,175,117.155866,37.415405
1687792401,"2023-06-26 15:13:21",B5979,HU7607,10698.48,840.808,175,117.15892,37.385776
1687792416,"2023-06-26 15:13:36",B5979,HU7607,10690.86,844.512,175,117.16253,37.35086
1687792431,"2023-06-26 15:13:51",B5979,HU7607,10698.48,840.808,175,117.165667,37.32051
1687792446,"2023-06-26 15:14:06",B5979,HU7607,10698.48,840.808,175,117.16896,37.28856
1687792462,"2023-06-26 15:14:22",B5979,HU7607,10698.48,840.808,175,117.17217,37.25762
1687792476,"2023-06-26 15:14:36",B5979,HU7607,10698.48,838.956,175,117.1754,37.22629
1687792490,"2023-06-26 15:14:50",B5979,HU7607,10698.48,840.808,175,117.17868,37.19491
1687792506,"2023-06-26 15:15:06",B5979,HU7607,10698.48,840.808,175,117.18187,37.163727
1687792520,"2023-06-26 15:15:20",B5979,HU7607,10698.48,840.808,175,117.185251,37.131555
1687792535,"2023-06-26 15:15:35",B5979,HU7607,10698.48,844.512,175,117.188299,37.10083
1687792550,"2023-06-26 15:15:50",B5979,HU7607,10698.48,842.66,175,117.191571,37.06929
1687792566,"2023-06-26 15:16:06",B5979,HU7607,10698.48,840.808,175,117.194864,37.037705
1687792580,"2023-06-26 15:16:20",B5979,HU7607,10698.48,842.66,175,117.198116,37.005707
1687792595,"2023-06-26 15:16:35",B5979,HU7607,10698.48,840.808,175,117.20127,36.97481
1687792610,"2023-06-26 15:16:50",B5979,HU7607,10698.48,835.252,175,117.20472,36.941895
1687792621,"2023-06-26 15:17:01",B5979,HU7607,10698.48,833.4,175,117.20669,36.92272
1687792635,"2023-06-26 15:17:15",B5979,HU7607,10698.48,831.548,175,117.20979,36.89176
1687792646,"2023-06-26 15:17:26",B5979,HU7607,10698.48,831.548,175,117.212024,36.870712
1687792660,"2023-06-26 15:17:40",B5979,HU7607,10698.48,837.104,172,117.216568,36.839859
1687792671,"2023-06-26 15:17:51",B5979,HU7607,10698.48,840.808,170,117.220974,36.818756
1687792685,"2023-06-26 15:18:05",B5979,HU7607,10698.48,844.512,167,117.229205,36.787952
1687792700,"2023-06-26 15:18:20",B5979,HU7607,10698.48,844.512,166,117.238541,36.75737
1687792715,"2023-06-26 15:18:35",B5979,HU7607,10698.48,840.808,166,117.24752,36.72711
1687792730,"2023-06-26 15:18:50",B5979,HU7607,10698.48,840.808,166,117.25661,36.69629
1687792745,"2023-06-26 15:19:05",B5979,HU7607,10698.48,840.808,166,117.26578,36.66554
1687792760,"2023-06-26 15:19:20",B5979,HU7607,10698.48,842.66,166,117.27488,36.63515
1687792775,"2023-06-26 15:19:35",B5979,HU7607,10698.48,844.512,166,117.28426,36.603653
1687792790,"2023-06-26 15:19:50",B5979,HU7607,10698.48,844.512,166,117.293243,36.573486
1687792806,"2023-06-26 15:20:06",B5979,HU7607,10698.48,844.512,166,117.3024,36.54268
1687792820,"2023-06-26 15:20:20",B5979,HU7607,10698.48,846.364,166,117.31178,36.5112
1687792835,"2023-06-26 15:20:35",B5979,HU7607,10698.48,842.66,166,117.32088,36.48056
1687792850,"2023-06-26 15:20:50",B5979,HU7607,10698.48,844.512,167,117.329835,36.450356
1687792865,"2023-06-26 15:21:05",B5979,HU7607,10698.48,844.512,166,117.33931,36.41844
1687792880,"2023-06-26 15:21:20",B5979,HU7607,10698.48,846.364,166,117.34818,36.3886
1687792895,"2023-06-26 15:21:35",B5979,HU7607,10698.48,848.216,166,117.35806,36.3553
1687792910,"2023-06-26 15:21:50",B5979,HU7607,10698.48,850.068,166,117.36729,36.32391
1687792926,"2023-06-26 15:22:06",B5979,HU7607,10698.48,851.92,166,117.37633,36.29343
1687792941,"2023-06-26 15:22:21",B5979,HU7607,10698.48,853.772,166,117.385527,36.262471
1687792955,"2023-06-26 15:22:35",B5979,HU7607,10698.48,855.624,166,117.39464,36.23154
1687792969,"2023-06-26 15:22:49",B5979,HU7607,10698.48,855.624,166,117.40419,36.19926
1687792985,"2023-06-26 15:23:05",B5979,HU7607,10698.48,857.476,167,117.413168,36.168947
1687792999,"2023-06-26 15:23:19",B5979,HU7607,10698.48,855.624,167,117.42228,36.1379
1687793015,"2023-06-26 15:23:35",B5979,HU7607,10698.48,851.92,167,117.43163,36.10606
1687793029,"2023-06-26 15:23:49",B5979,HU7607,10698.48,850.068,166,117.44052,36.07575
1687793044,"2023-06-26 15:24:04",B5979,HU7607,10698.48,848.216,167,117.44963,36.04479
1687793059,"2023-06-26 15:24:19",B5979,HU7607,10698.48,850.068,166,117.45887,36.01332
1687793074,"2023-06-26 15:24:34",B5979,HU7607,10698.48,853.772,167,117.46792,35.98241
1687793089,"2023-06-26 15:24:49",B5979,HU7607,10698.48,853.772,167,117.47733,35.95034
1687793104,"2023-06-26 15:25:04",B5979,HU7607,10698.48,853.772,166,117.48608,35.92039
1687793119,"2023-06-26 15:25:19",B5979,HU7607,10698.48,853.772,166,117.4954,35.88872
1687793134,"2023-06-26 15:25:34",B5979,HU7607,10698.48,853.772,166,117.50439,35.85807
1687793153,"2023-06-26 15:25:53",B5979,HU7607,10698.48,855.624,167,117.51421,35.82451
1687793168,"2023-06-26 15:26:08",B5979,HU7607,10698.48,857.476,167,117.523382,35.793038
1687793183,"2023-06-26 15:26:23",B5979,HU7607,10698.48,855.624,167,117.532825,35.760681
1687793199,"2023-06-26 15:26:39",B5979,HU7607,10698.48,857.476,167,117.54141,35.7312
1687793213,"2023-06-26 15:26:53",B5979,HU7607,10698.48,859.328,167,117.5505,35.69984
1687793227,"2023-06-26 15:27:07",B5979,HU7607,10698.48,859.328,167,117.55978,35.66812
1687793238,"2023-06-26 15:27:18",B5979,HU7607,10698.48,857.476,166,117.56575,35.64761
1687793252,"2023-06-26 15:27:32",B5979,HU7607,10698.48,857.476,166,117.57522,35.61484
1687793266,"2023-06-26 15:27:46",B5979,HU7607,10698.48,861.18,167,117.58392,35.58504
1687793277,"2023-06-26 15:27:57",B5979,HU7607,10698.48,859.328,166,117.59018,35.56358
1687793296,"2023-06-26 15:28:16",B5979,HU7607,10698.48,859.328,167,117.60034,35.52834
1687793312,"2023-06-26 15:28:32",B5979,HU7607,10698.48,859.328,167,117.60952,35.49673
1687793326,"2023-06-26 15:28:46",B5979,HU7607,10698.48,861.18,167,117.61858,35.46559
1687793340,"2023-06-26 15:29:00",B5979,HU7607,10698.48,866.736,167,117.62781,35.43365
1687793351,"2023-06-26 15:29:11",B5979,HU7607,10698.48,866.736,167,117.633771,35.412846
1687793365,"2023-06-26 15:29:25",B5979,HU7607,10698.48,864.884,166,117.64297,35.38106
1687793380,"2023-06-26 15:29:40",B5979,HU7607,10698.48,866.736,167,117.652,35.34995
1687793396,"2023-06-26 15:29:56",B5979,HU7607,10698.48,864.884,166,117.66123,35.31793
1687793410,"2023-06-26 15:30:10",B5979,HU7607,10698.48,864.884,167,117.670155,35.286804
1687793425,"2023-06-26 15:30:25",B5979,HU7607,10698.48,866.736,167,117.67942,35.25462
1687793440,"2023-06-26 15:30:40",B5979,HU7607,10698.48,863.032,167,117.68835,35.22375
1687793456,"2023-06-26 15:30:56",B5979,HU7607,10698.48,863.032,167,117.69773,35.19126
1687793470,"2023-06-26 15:31:10",B5979,HU7607,10698.48,861.18,167,117.70679,35.15977
1687793485,"2023-06-26 15:31:25",B5979,HU7607,10698.48,861.18,167,117.71564,35.12883
1687793500,"2023-06-26 15:31:40",B5979,HU7607,10698.48,861.18,166,117.72473,35.09724
1687793515,"2023-06-26 15:31:55",B5979,HU7607,10698.48,861.18,166,117.73373,35.06585
1687793531,"2023-06-26 15:32:11",B5979,HU7607,10698.48,863.032,166,117.74261,35.03494
1687793545,"2023-06-26 15:32:25",B5979,HU7607,10698.48,861.18,167,117.7518,35.00294
1687793560,"2023-06-26 15:32:40",B5979,HU7607,10698.48,863.032,166,117.76062,34.97204
1687793575,"2023-06-26 15:32:55",B5979,HU7607,10698.48,863.032,166,117.76978,34.94011
1687793590,"2023-06-26 15:33:10",B5979,HU7607,10698.48,863.032,166,117.77871,34.90883
1687793605,"2023-06-26 15:33:25",B5979,HU7607,10698.48,859.328,167,117.788348,34.874863
1687793616,"2023-06-26 15:33:36",B5979,HU7607,10698.48,859.328,166,117.79455,34.8531
1687793630,"2023-06-26 15:33:50",B5979,HU7607,10698.48,859.328,165,117.80348,34.82272
1687793645,"2023-06-26 15:34:05",B5979,HU7607,10698.48,863.032,163,117.8143,34.79182
1687793661,"2023-06-26 15:34:21",B5979,HU7607,10698.48,863.032,163,117.82568,34.76051
1687793675,"2023-06-26 15:34:35",B5979,HU7607,10698.48,861.18,163,117.83689,34.72932
1687793686,"2023-06-26 15:34:46",B5979,HU7607,10698.48,861.18,163,117.84451,34.70805
1687793701,"2023-06-26 15:35:01",B5979,HU7607,10698.48,863.032,163,117.85566,34.67699
1687793715,"2023-06-26 15:35:15",B5979,HU7607,10698.48,863.032,163,117.86648,34.64685
1687793731,"2023-06-26 15:35:31",B5979,HU7607,10698.48,864.884,163,117.87747,34.61627
1687793746,"2023-06-26 15:35:46",B5979,HU7607,10698.48,863.032,163,117.88879,34.58464
1687793760,"2023-06-26 15:36:00",B5979,HU7607,10698.48,863.032,163,117.89984,34.55379
1687793775,"2023-06-26 15:36:15",B5979,HU7607,10698.48,863.032,163,117.91105,34.52253
1687793786,"2023-06-26 15:36:26",B5979,HU7607,10698.48,861.18,163,117.91839,34.50192
1687793800,"2023-06-26 15:36:40",B5979,HU7607,10698.48,863.032,163,117.92921,34.47157
1687793811,"2023-06-26 15:36:51",B5979,HU7607,10698.48,861.18,163,117.93692,34.45005
1687793825,"2023-06-26 15:37:05",B5979,HU7607,10698.48,861.18,163,117.947817,34.419708
1687793841,"2023-06-26 15:37:21",B5979,HU7607,10698.48,861.18,164,117.95897,34.38849
1687793855,"2023-06-26 15:37:35",B5979,HU7607,10698.48,863.032,164,117.97016,34.3569
1687793870,"2023-06-26 15:37:50",B5979,HU7607,10698.48,863.032,163,117.98138,34.32557
1687793886,"2023-06-26 15:38:06",B5979,HU7607,10698.48,864.884,163,117.99213,34.2955
1687793900,"2023-06-26 15:38:20",B5979,HU7607,10698.48,864.884,163,118.00323,34.26417
1687793916,"2023-06-26 15:38:36",B5979,HU7607,10698.48,866.736,163,118.01434,34.23349
1687793930,"2023-06-26 15:38:50",B5979,HU7607,10698.48,863.032,163,118.02562,34.20282
1687793945,"2023-06-26 15:39:05",B5979,HU7607,10698.48,861.18,163,118.03722,34.17116
1687793956,"2023-06-26 15:39:16",B5979,HU7607,10698.48,863.032,163,118.04462,34.15082
1687793970,"2023-06-26 15:39:30",B5979,HU7607,10698.48,863.032,163,118.05599,34.11953
1687793985,"2023-06-26 15:39:45",B5979,HU7607,10698.48,861.18,163,118.06732,34.08842
1687794000,"2023-06-26 15:40:00",B5979,HU7607,10698.48,859.328,163,118.07825,34.05826
1687794015,"2023-06-26 15:40:15",B5979,HU7607,10698.48,859.328,163,118.09004,34.02582
1687794030,"2023-06-26 15:40:30",B5979,HU7607,10698.48,859.328,163,118.10073,33.99637
1687794045,"2023-06-26 15:40:45",B5979,HU7607,10698.48,859.328,163,118.1119,33.96572
1687794056,"2023-06-26 15:40:56",B5979,HU7607,10698.48,859.328,163,118.11951,33.94473
1687794070,"2023-06-26 15:41:10",B5979,HU7607,10698.48,859.328,163,118.13061,33.91428
1687794081,"2023-06-26 15:41:21",B5979,HU7607,10698.48,861.18,162,118.13845,33.89347
1687794095,"2023-06-26 15:41:35",B5979,HU7607,10698.48,864.884,159,118.15179,33.86256
1687794110,"2023-06-26 15:41:50",B5979,HU7607,10698.48,870.44,156,118.16757,33.83142
1687794126,"2023-06-26 15:42:06",B5979,HU7607,10698.48,870.44,153,118.18358,33.8037
1687794140,"2023-06-26 15:42:20",B5979,HU7607,10698.48,874.144,150,118.20275,33.7744
1687794152,"2023-06-26 15:42:32",B5979,HU7607,10698.48,877.848,148,118.21603,33.75586
1687794165,"2023-06-26 15:42:45",B5979,HU7607,10698.48,881.552,145,118.23795,33.72812
1687794181,"2023-06-26 15:43:01",B5979,HU7607,10698.48,881.552,145,118.26037,33.70102
1687794195,"2023-06-26 15:43:15",B5979,HU7607,10698.48,870.44,152,118.27982,33.67268
1687794211,"2023-06-26 15:43:31",B5979,HU7607,10698.48,859.328,159,118.29501,33.64316
1687794225,"2023-06-26 15:43:45",B5979,HU7607,10698.48,851.92,162,118.30695,33.61299
1687794240,"2023-06-26 15:44:00",B5979,HU7607,10698.48,857.476,161,118.31928,33.58177
1687794256,"2023-06-26 15:44:16",B5979,HU7607,10698.48,866.736,158,118.33294,33.55173
1687794270,"2023-06-26 15:44:30",B5979,HU7607,10698.48,874.144,155,118.34887,33.52171
1687794285,"2023-06-26 15:44:45",B5979,HU7607,10668,881.552,152,118.36714,33.49127
1687794301,"2023-06-26 15:45:01",B5979,HU7607,10591.8,892.664,149,118.38724,33.46193
1687794315,"2023-06-26 15:45:15",B5979,HU7607,10515.6,896.368,145,118.40955,33.43309
1687794330,"2023-06-26 15:45:30",B5979,HU7607,10447.02,896.368,145,118.43267,33.4053
1687794345,"2023-06-26 15:45:45",B5979,HU7607,10370.82,892.664,145,118.45543,33.37763
1687794360,"2023-06-26 15:46:00",B5979,HU7607,10294.62,892.664,145,118.47755,33.35074
1687794375,"2023-06-26 15:46:15",B5979,HU7607,10218.42,892.664,145,118.50027,33.32307
1687794386,"2023-06-26 15:46:26",B5979,HU7607,10165.08,892.664,145,118.51714,33.30254
1687794401,"2023-06-26 15:46:41",B5979,HU7607,10104.12,888.96,145,118.53578,33.27983
1687794415,"2023-06-26 15:46:55",B5979,HU7607,10020.3,885.256,145,118.56011,33.25021
1687794430,"2023-06-26 15:47:10",B5979,HU7607,9944.1,879.7,145,118.58166,33.22405
1687794445,"2023-06-26 15:47:25",B5979,HU7607,9875.52,874.144,145,118.60373,33.19711
1687794460,"2023-06-26 15:47:40",B5979,HU7607,9799.32,874.144,145,118.62614,33.16983
1687794475,"2023-06-26 15:47:55",B5979,HU7607,9723.12,875.996,145,118.64803,33.14338
1687794490,"2023-06-26 15:48:10",B5979,HU7607,9639.3,874.144,145,118.67179,33.11493
1687794506,"2023-06-26 15:48:26",B5979,HU7607,9555.48,870.44,145,118.69433,33.08789
1687794520,"2023-06-26 15:48:40",B5979,HU7607,9494.52,855.624,145,118.71686,33.06079
1687794535,"2023-06-26 15:48:55",B5979,HU7607,9494.52,842.66,145,118.73866,33.03454
1687794550,"2023-06-26 15:49:10",B5979,HU7607,9479.28,842.66,145,118.75957,33.00925
1687794565,"2023-06-26 15:49:25",B5979,HU7607,9479.28,846.364,145,118.78055,32.98384
1687794581,"2023-06-26 15:49:41",B5979,HU7607,9479.28,850.068,145,118.80262,32.95712
1687794595,"2023-06-26 15:49:55",B5979,HU7607,9418.32,850.068,145,118.82381,32.93143
1687794606,"2023-06-26 15:50:06",B5979,HU7607,9311.64,848.216,145,118.83833,32.91388
1687794620,"2023-06-26 15:50:20",B5979,HU7607,9182.1,837.104,145,118.86026,32.88748
1687794635,"2023-06-26 15:50:35",B5979,HU7607,9029.7,827.844,145,118.8821,32.86109
1687794650,"2023-06-26 15:50:50",B5979,HU7607,8846.82,824.14,145,118.90195,32.83702
1687794665,"2023-06-26 15:51:05",B5979,HU7607,8641.08,825.992,145,118.92277,32.81172
1687794681,"2023-06-26 15:51:21",B5979,HU7607,8427.72,833.4,143,118.94474,32.78613
1687794695,"2023-06-26 15:51:35",B5979,HU7607,8252.46,833.4,142,118.96787,32.76096
1687794710,"2023-06-26 15:51:50",B5979,HU7607,8100.06,825.992,142,118.99056,32.73624
1687794725,"2023-06-26 15:52:05",B5979,HU7607,7940.04,818.584,142,119.01231,32.71244
1687794736,"2023-06-26 15:52:16",B5979,HU7607,7840.98,814.88,142,119.02829,32.69499
1687794750,"2023-06-26 15:52:30",B5979,HU7607,7719.06,803.768,142,119.05071,32.67046
1687794765,"2023-06-26 15:52:45",B5979,HU7607,7574.28,794.508,142,119.07202,32.64711
1687794780,"2023-06-26 15:53:00",B5979,HU7607,7414.26,792.656,142,119.09328,32.62376
1687794791,"2023-06-26 15:53:11",B5979,HU7607,7338.06,785.248,142,119.10756,32.60806
1687794805,"2023-06-26 15:53:25",B5979,HU7607,7200.9,775.988,142,119.12871,32.58495
1687794820,"2023-06-26 15:53:40",B5979,HU7607,7086.6,764.876,142,119.14964,32.56197
1687794831,"2023-06-26 15:53:51",B5979,HU7607,6987.54,763.024,142,119.16458,32.54562
1687794845,"2023-06-26 15:54:05",B5979,HU7607,6850.38,753.764,142,119.18397,32.52434
1687794860,"2023-06-26 15:54:20",B5979,HU7607,6690.36,753.764,142,119.20446,32.50179
1687794875,"2023-06-26 15:54:35",B5979,HU7607,6537.96,750.06,142,119.22501,32.47916
1687794890,"2023-06-26 15:54:50",B5979,HU7607,6438.9,740.8,142,119.24478,32.45737
1687794905,"2023-06-26 15:55:05",B5979,HU7607,6339.84,729.688,142,119.26456,32.43567
1687794921,"2023-06-26 15:55:21",B5979,HU7607,6309.36,722.28,142,119.28428,32.41393
1687794935,"2023-06-26 15:55:35",B5979,HU7607,6309.36,720.428,142,119.30405,32.39209
1687794950,"2023-06-26 15:55:50",B5979,HU7607,6309.36,722.28,142,119.32313,32.37103
1687794965,"2023-06-26 15:56:05",B5979,HU7607,6309.36,725.984,142,119.34305,32.34897
1687794980,"2023-06-26 15:56:20",B5979,HU7607,6309.36,727.836,142,119.36214,32.32797
1687794995,"2023-06-26 15:56:35",B5979,HU7607,6309.36,727.836,142,119.38209,32.3059
1687795010,"2023-06-26 15:56:50",B5979,HU7607,6309.36,725.984,143,119.40188,32.28398
1687795026,"2023-06-26 15:57:06",B5979,HU7607,6309.36,725.984,142,119.42122,32.26252
1687795040,"2023-06-26 15:57:20",B5979,HU7607,6240.78,727.836,142,119.44034,32.24135
1687795055,"2023-06-26 15:57:35",B5979,HU7607,6164.58,725.984,142,119.46044,32.21915
1687795072,"2023-06-26 15:57:52",B5979,HU7607,6096,722.28,142,119.47951,32.19799
1687795085,"2023-06-26 15:58:05",B5979,HU7607,6012.18,724.132,142,119.49933,32.17598
1687795101,"2023-06-26 15:58:21",B5979,HU7607,5935.98,722.28,143,119.51858,32.15461
1687795115,"2023-06-26 15:58:35",B5979,HU7607,5867.4,718.576,142,119.53795,32.13313
1687795130,"2023-06-26 15:58:50",B5979,HU7607,5791.2,713.02,142,119.55696,32.11198
1687795146,"2023-06-26 15:59:06",B5979,HU7607,5715,709.316,142,119.57602,32.09084
1687795161,"2023-06-26 15:59:21",B5979,HU7607,5699.76,703.76,142,119.59481,32.07001
1687795175,"2023-06-26 15:59:35",B5979,HU7607,5699.76,705.612,142,119.61376,32.0489
1687795186,"2023-06-26 15:59:46",B5979,HU7607,5699.76,709.316,142,119.62667,32.03458
1687795200,"2023-06-26 16:00:00",B5979,HU7607,5699.76,711.168,143,119.64556,32.01338
1687795215,"2023-06-26 16:00:15",B5979,HU7607,5699.76,711.168,143,119.6644,31.99232
1687795230,"2023-06-26 16:00:30",B5979,HU7607,5699.76,711.168,142,119.68388,31.97068
1687795245,"2023-06-26 16:00:45",B5979,HU7607,5699.76,709.316,139,119.70319,31.9498
1687795261,"2023-06-26 16:01:01",B5979,HU7607,5699.76,720.428,126,119.72697,31.93181
1687795275,"2023-06-26 16:01:15",B5979,HU7607,5654.04,722.28,124,119.75279,31.91689
1687795286,"2023-06-26 16:01:26",B5979,HU7607,5562.6,722.28,124,119.77031,31.90686
1687795306,"2023-06-26 16:01:46",B5979,HU7607,5402.58,722.28,124,119.79705,31.89154
1687795320,"2023-06-26 16:02:00",B5979,HU7607,5242.56,714.872,124,119.83169,31.87157
1687795331,"2023-06-26 16:02:11",B5979,HU7607,5173.98,705.612,123,119.8489,31.86175
1687795345,"2023-06-26 16:02:25",B5979,HU7607,5067.3,696.352,123,119.87518,31.84662
1687795360,"2023-06-26 16:02:40",B5979,HU7607,4922.52,696.352,124,119.90056,31.83206
1687795375,"2023-06-26 16:02:55",B5979,HU7607,4747.26,700.056,124,119.92571,31.81746
1687795390,"2023-06-26 16:03:10",B5979,HU7607,4610.1,700.056,124,119.95164,31.80244
1687795405,"2023-06-26 16:03:25",B5979,HU7607,4526.28,692.648,123,119.97631,31.78825
1687795420,"2023-06-26 16:03:40",B5979,HU7607,4511.04,688.944,124,120.0019,31.77356
1687795431,"2023-06-26 16:03:51",B5979,HU7607,4503.42,688.944,124,120.01853,31.76395
1687795445,"2023-06-26 16:04:05",B5979,HU7607,4511.04,688.944,124,120.04321,31.7497
1687795460,"2023-06-26 16:04:20",B5979,HU7607,4511.04,688.944,124,120.06865,31.73494
1687795475,"2023-06-26 16:04:35",B5979,HU7607,4511.04,688.944,124,120.09306,31.72083
1687795491,"2023-06-26 16:04:51",B5979,HU7607,4511.04,687.092,124,120.11837,31.70618
1687795505,"2023-06-26 16:05:05",B5979,HU7607,4511.04,692.648,124,120.143958,31.691367
1687795520,"2023-06-26 16:05:20",B5979,HU7607,4511.04,694.5,124,120.169,31.67683
1687795535,"2023-06-26 16:05:35",B5979,HU7607,4488.18,692.648,124,120.19436,31.66209
1687795550,"2023-06-26 16:05:50",B5979,HU7607,4366.26,692.648,124,120.21905,31.64775
1687795565,"2023-06-26 16:06:05",B5979,HU7607,4259.58,685.24,124,120.24434,31.63307
1687795580,"2023-06-26 16:06:20",B5979,HU7607,4145.28,675.98,124,120.26873,31.61897
1687795595,"2023-06-26 16:06:35",B5979,HU7607,4038.6,670.424,124,120.29308,31.60478
1687795610,"2023-06-26 16:06:50",B5979,HU7607,3909.06,666.72,119,120.3182,31.59123
1687795626,"2023-06-26 16:07:06",B5979,HU7607,3787.14,670.424,109,120.34505,31.58176
1687795640,"2023-06-26 16:07:20",B5979,HU7607,3665.22,668.572,109,120.37286,31.57354
1687795655,"2023-06-26 16:07:35",B5979,HU7607,3604.26,668.572,109,120.40126,31.56512
1687795666,"2023-06-26 16:07:46",B5979,HU7607,3596.64,670.424,109,120.41971,31.55962
1687795680,"2023-06-26 16:08:00",B5979,HU7607,3596.64,675.98,109,120.44737,31.55141
1687795695,"2023-06-26 16:08:15",B5979,HU7607,3596.64,677.832,109,120.47514,31.5431
1687795711,"2023-06-26 16:08:31",B5979,HU7607,3596.64,679.684,109,120.5037,31.53456
1687795730,"2023-06-26 16:08:50",B5979,HU7607,3596.64,681.536,109,120.53343,31.52568
1687795745,"2023-06-26 16:09:05",B5979,HU7607,3596.64,679.684,109,120.56186,31.51717
1687795756,"2023-06-26 16:09:16",B5979,HU7607,3596.64,681.536,109,120.58094,31.51144
1687795770,"2023-06-26 16:09:30",B5979,HU7607,3596.64,681.536,109,120.60904,31.50307
1687795786,"2023-06-26 16:09:46",B5979,HU7607,3596.64,685.24,109,120.63705,31.49464
1687795800,"2023-06-26 16:10:00",B5979,HU7607,3596.64,683.388,109,120.66608,31.48598
1687795815,"2023-06-26 16:10:15",B5979,HU7607,3512.82,681.536,109,120.69388,31.47765
1687795831,"2023-06-26 16:10:31",B5979,HU7607,3429,672.276,109,120.7225,31.46903
1687795845,"2023-06-26 16:10:45",B5979,HU7607,3398.52,651.904,109,120.74944,31.46095
1687795860,"2023-06-26 16:11:00",B5979,HU7607,3329.94,627.828,109,120.77562,31.45311
1687795871,"2023-06-26 16:11:11",B5979,HU7607,3268.98,611.16,109,120.792755,31.447992
1687795885,"2023-06-26 16:11:25",B5979,HU7607,3139.44,592.64,109,120.81708,31.44067
1687795900,"2023-06-26 16:11:40",B5979,HU7607,2941.32,587.084,109,120.84153,31.43321
1687795911,"2023-06-26 16:11:51",B5979,HU7607,2804.16,585.232,109,120.85774,31.42831
1687795925,"2023-06-26 16:12:05",B5979,HU7607,2606.04,581.528,110,120.88208,31.42094
1687795940,"2023-06-26 16:12:20",B5979,HU7607,2415.54,577.824,110,120.905695,31.413776
1687795955,"2023-06-26 16:12:35",B5979,HU7607,2255.52,564.86,109,120.92926,31.40666
1687795970,"2023-06-26 16:12:50",B5979,HU7607,2087.88,564.86,102,120.95277,31.40069
1687795985,"2023-06-26 16:13:05",B5979,HU7607,2011.68,542.636,94,120.9773,31.39861
1687796001,"2023-06-26 16:13:21",B5979,HU7607,1950.72,509.3,94,120.99992,31.39714
1687796015,"2023-06-26 16:13:35",B5979,HU7607,1889.76,481.52,95,121.02162,31.39572
1687796031,"2023-06-26 16:13:51",B5979,HU7607,1866.9,459.296,94,121.041925,31.394364
1687796045,"2023-06-26 16:14:05",B5979,HU7607,1851.66,440.776,94,121.06104,31.39311
1687796060,"2023-06-26 16:14:20",B5979,HU7607,1836.42,424.108,95,121.08043,31.391785
1687796071,"2023-06-26 16:14:31",B5979,HU7607,1813.56,414.848,94,121.09217,31.39096
1687796085,"2023-06-26 16:14:45",B5979,HU7607,1752.6,407.44,94,121.11026,31.38971
1687796101,"2023-06-26 16:15:01",B5979,HU7607,1653.54,407.44,94,121.128414,31.388397
1687796116,"2023-06-26 16:15:16",B5979,HU7607,1554.48,409.292,95,121.14678,31.38716
1687796130,"2023-06-26 16:15:30",B5979,HU7607,1447.8,411.144,94,121.16503,31.38589
1687796141,"2023-06-26 16:15:41",B5979,HU7607,1386.84,407.44,94,121.177,31.38505
1687796155,"2023-06-26 16:15:55",B5979,HU7607,1295.4,403.736,94,121.19444,31.38391
1687796170,"2023-06-26 16:16:10",B5979,HU7607,1188.72,405.588,94,121.21237,31.38268
1687796185,"2023-06-26 16:16:25",B5979,HU7607,1074.42,407.44,89,121.231,31.38245
1687796200,"2023-06-26 16:16:40",B5979,HU7607,982.98,401.884,89,121.248779,31.382629
1687796215,"2023-06-26 16:16:55",B5979,HU7607,899.16,394.476,89,121.266486,31.382726
1687796230,"2023-06-26 16:17:10",B5979,HU7607,861.06,372.252,89,121.283192,31.382767
1687796245,"2023-06-26 16:17:25",B5979,HU7607,845.82,351.88,90,121.29859,31.38286
1687796260,"2023-06-26 16:17:40",B5979,HU7607,762,335.212,112,121.314051,31.380569
1687796275,"2023-06-26 16:17:55",B5979,HU7607,701.04,314.84,159,121.321591,31.371185
1687796290,"2023-06-26 16:18:10",B5979,HU7607,609.6,303.728,166,121.325684,31.360336
1687796305,"2023-06-26 16:18:25",B5979,HU7607,594.36,277.8,173,121.32751,31.34981
1687796320,"2023-06-26 16:18:40",B5979,HU7607,586.74,248.168,176,121.328484,31.339554
1687796335,"2023-06-26 16:18:55",B5979,HU7607,586.74,233.352,178,121.328969,31.331177
1687796350,"2023-06-26 16:19:10",B5979,HU7607,579.12,237.056,177,121.329437,31.322161
1687796365,"2023-06-26 16:19:25",B5979,HU7607,586.74,238.908,177,121.329992,31.313507
1687796380,"2023-06-26 16:19:40",B5979,HU7607,556.26,240.76,177,121.330531,31.304443
1687796391,"2023-06-26 16:19:51",B5979,HU7607,525.78,238.908,176,121.33092,31.29828
1687796405,"2023-06-26 16:20:05",B5979,HU7607,472.44,235.204,177,121.331415,31.289388
1687796420,"2023-06-26 16:20:20",B5979,HU7607,426.72,231.5,177,121.33185,31.28073
1687796435,"2023-06-26 16:20:35",B5979,HU7607,381,229.648,177,121.332308,31.272034
1687796450,"2023-06-26 16:20:50",B5979,HU7607,327.66,231.5,178,121.33273,31.26341
1687796465,"2023-06-26 16:21:05",B5979,HU7607,281.94,237.056,177,121.33323,31.25447
1687796480,"2023-06-26 16:21:20",B5979,HU7607,228.6,242.612,177,121.33376,31.24544
1687796495,"2023-06-26 16:21:35",B5979,HU7607,175.26,244.464,177,121.33427,31.23553
1687796510,"2023-06-26 16:21:50",B5979,HU7607,121.92,244.464,177,121.334785,31.226578
1687796524,"2023-06-26 16:22:04",B5979,HU7607,76.2,246.316,178,121.33521,31.21802
1687796538,"2023-06-26 16:22:18",B5979,HU7607,30.48,246.316,177,121.33575,31.20834
1687796607,"2023-06-26 16:23:27",B5979,HU7607,0,38.892,202,121.336,31.19005
