Time,"UTC TIME",Anum,Fnum,Height,Speed,Angle,Longitude,Latitude
1675640630,"2023-02-05 23:43:50",B1082,CA1507,-45.72,285.208,353,116.61487,40.07634
1675640635,"2023-02-05 23:43:55",B1082,CA1507,7.62,281.504,352,116.61426,40.07982
1675640640,"2023-02-05 23:44:00",B1082,CA1507,76.2,279.652,351,116.61351,40.08325
1675640651,"2023-02-05 23:44:11",B1082,CA1507,190.5,290.764,351,116.61195,40.09032
1675640665,"2023-02-05 23:44:25",B1082,CA1507,358.14,296.32,359,116.60999,40.10143
1675640680,"2023-02-05 23:44:40",B1082,CA1507,541.02,292.616,21,116.61313,40.11215
1675640695,"2023-02-05 23:44:55",B1082,CA1507,739.14,287.06,27,116.61862,40.12221
1675640710,"2023-02-05 23:45:10",B1082,CA1507,967.74,283.356,31,116.62531,40.13127
1675640725,"2023-02-05 23:45:25",B1082,CA1507,1036.32,338.916,32,116.6333,40.14098
1675640740,"2023-02-05 23:45:40",B1082,CA1507,1112.52,392.624,33,116.64319,40.15283
1675640755,"2023-02-05 23:45:55",B1082,CA1507,1203.96,446.332,53,116.65619,40.16455
1675640770,"2023-02-05 23:46:10",B1082,CA1507,1333.5,488.928,84,116.6778,40.17104
1675640785,"2023-02-05 23:46:25",B1082,CA1507,1554.48,503.744,87,116.70165,40.17202
1675640800,"2023-02-05 23:46:40",B1082,CA1507,1775.46,511.152,84,116.72668,40.17342
1675640815,"2023-02-05 23:46:55",B1082,CA1507,2042.16,514.856,83,116.75221,40.17551
1675640830,"2023-02-05 23:47:10",B1082,CA1507,2247.9,535.228,97,116.77724,40.17612
1675640845,"2023-02-05 23:47:25",B1082,CA1507,2476.5,546.34,122,116.80121,40.16937
1675640860,"2023-02-05 23:47:40",B1082,CA1507,2766.06,535.228,148,116.81976,40.15485
1675640875,"2023-02-05 23:47:55",B1082,CA1507,2987.04,538.932,170,116.8291,40.13557
1675640890,"2023-02-05 23:48:10",B1082,CA1507,3086.1,553.748,183,116.83017,40.12091
1675640905,"2023-02-05 23:48:25",B1082,CA1507,3147.06,596.344,185,116.82793,40.09945
1675640920,"2023-02-05 23:48:40",B1082,CA1507,3223.26,633.384,185,116.82538,40.07616
1675640935,"2023-02-05 23:48:55",B1082,CA1507,3352.8,653.756,185,116.82287,40.0521
1675640950,"2023-02-05 23:49:10",B1082,CA1507,3581.4,657.46,185,116.82043,40.02745
1675640965,"2023-02-05 23:49:25",B1082,CA1507,3825.24,653.756,185,116.81788,40.00308
1675640980,"2023-02-05 23:49:40",B1082,CA1507,4038.6,661.164,185,116.81519,39.9787
1675640995,"2023-02-05 23:49:55",B1082,CA1507,4175.76,675.98,186,116.81238,39.95398
1675641010,"2023-02-05 23:50:10",B1082,CA1507,4373.88,679.684,186,116.80939,39.92809
1675641025,"2023-02-05 23:50:25",B1082,CA1507,4587.24,681.536,185,116.80646,39.90332
1675641040,"2023-02-05 23:50:40",B1082,CA1507,4777.74,688.944,185,116.80342,39.87721
1675641055,"2023-02-05 23:50:55",B1082,CA1507,4960.62,692.648,185,116.80035,39.85062
1675641070,"2023-02-05 23:51:10",B1082,CA1507,5151.12,696.352,186,116.79742,39.82558
1675641085,"2023-02-05 23:51:25",B1082,CA1507,5326.38,701.908,185,116.79443,39.79909
1675641100,"2023-02-05 23:51:40",B1082,CA1507,5478.78,711.168,185,116.79144,39.77302
1675641115,"2023-02-05 23:51:55",B1082,CA1507,5638.8,713.02,185,116.78839,39.74611
1675641130,"2023-02-05 23:52:10",B1082,CA1507,5692.14,714.872,185,116.7854,39.71944
1675641145,"2023-02-05 23:52:25",B1082,CA1507,5699.76,716.724,185,116.78234,39.69232
1675641160,"2023-02-05 23:52:40",B1082,CA1507,5699.76,716.724,185,116.77935,39.66586
1675641175,"2023-02-05 23:52:55",B1082,CA1507,5699.76,720.428,182,116.77679,39.63942
1675641190,"2023-02-05 23:53:10",B1082,CA1507,5760.72,742.652,172,116.77846,39.61139
1675641205,"2023-02-05 23:53:25",B1082,CA1507,5951.22,740.8,171,116.78347,39.5842
1675641220,"2023-02-05 23:53:40",B1082,CA1507,6149.34,737.096,173,116.788391,39.556414
1675641235,"2023-02-05 23:53:55",B1082,CA1507,6286.5,746.356,173,116.79285,39.52908
1675641250,"2023-02-05 23:54:10",B1082,CA1507,6416.04,751.912,173,116.797241,39.500644
1675641265,"2023-02-05 23:54:25",B1082,CA1507,6560.82,759.32,173,116.80157,39.47328
1675641280,"2023-02-05 23:54:40",B1082,CA1507,6690.36,768.58,173,116.80615,39.44483
1675641295,"2023-02-05 23:54:55",B1082,CA1507,6789.42,779.692,173,116.810791,39.41578
1675641310,"2023-02-05 23:55:10",B1082,CA1507,6911.34,787.1,173,116.81554,39.3864
1675641325,"2023-02-05 23:55:25",B1082,CA1507,7078.98,785.248,173,116.82019,39.35745
1675641340,"2023-02-05 23:55:40",B1082,CA1507,7284.72,779.692,173,116.824971,39.328217
1675641355,"2023-02-05 23:55:55",B1082,CA1507,7459.98,777.84,173,116.82971,39.29963
1675641370,"2023-02-05 23:56:10",B1082,CA1507,7589.52,783.396,173,116.83464,39.26944
1675641385,"2023-02-05 23:56:25",B1082,CA1507,7696.2,792.656,173,116.83936,39.24042
1675641400,"2023-02-05 23:56:40",B1082,CA1507,7810.5,796.36,173,116.84406,39.2109
1675641415,"2023-02-05 23:56:55",B1082,CA1507,7932.42,800.064,173,116.848914,39.180634
1675641430,"2023-02-05 23:57:10",B1082,CA1507,8061.96,801.916,173,116.853571,39.15184
1675641445,"2023-02-05 23:57:25",B1082,CA1507,8191.5,803.768,173,116.858826,39.119801
1675641460,"2023-02-05 23:57:40",B1082,CA1507,8321.04,805.62,173,116.86377,39.0894
1675641475,"2023-02-05 23:57:55",B1082,CA1507,8435.34,811.176,173,116.868558,39.059784
1675641490,"2023-02-05 23:58:10",B1082,CA1507,8503.92,818.584,173,116.87345,39.02888
1675641505,"2023-02-05 23:58:25",B1082,CA1507,8549.64,833.4,173,116.87817,38.99909
1675641520,"2023-02-05 23:58:40",B1082,CA1507,8595.36,844.512,173,116.88324,38.967342
1675641532,"2023-02-05 23:58:52",B1082,CA1507,8633.46,850.068,173,116.88641,38.94718
1675641545,"2023-02-05 23:59:05",B1082,CA1507,8717.28,855.624,173,116.891546,38.915268
1675641560,"2023-02-05 23:59:20",B1082,CA1507,8801.1,861.18,173,116.8968,38.88258
1675641575,"2023-02-05 23:59:35",B1082,CA1507,8884.92,866.736,173,116.90188,38.85104
1675641600,"2023-02-06 00:00:00",B1082,CA1507,9067.8,866.736,173,116.910522,38.797426
1675641615,"2023-02-06 00:00:15",B1082,CA1507,9204.96,863.032,173,116.915668,38.765396
1675641630,"2023-02-06 00:00:30",B1082,CA1507,9342.12,859.328,173,116.920863,38.733307
1675641645,"2023-02-06 00:00:45",B1082,CA1507,9464.04,857.476,173,116.925938,38.701126
1675641660,"2023-02-06 00:01:00",B1082,CA1507,9616.44,850.068,173,116.931132,38.669174
1675641671,"2023-02-06 00:01:11",B1082,CA1507,9707.88,844.512,173,116.934448,38.648506
1675641685,"2023-02-06 00:01:25",B1082,CA1507,9806.94,846.364,173,116.939432,38.617264
1675641700,"2023-02-06 00:01:40",B1082,CA1507,9913.62,844.512,173,116.944447,38.58522
1675641715,"2023-02-06 00:01:55",B1082,CA1507,10050.78,838.956,173,116.94934,38.55461
1675641730,"2023-02-06 00:02:10",B1082,CA1507,10226.04,825.992,172,116.95424,38.52351
1675641745,"2023-02-06 00:02:25",B1082,CA1507,10424.16,814.88,173,116.95943,38.4912
1675641760,"2023-02-06 00:02:40",B1082,CA1507,10469.88,820.436,173,116.96403,38.46254
1675641775,"2023-02-06 00:02:55",B1082,CA1507,10500.36,829.696,173,116.968868,38.431046
1675641790,"2023-02-06 00:03:10",B1082,CA1507,10538.46,838.956,173,116.973585,38.400382
1675641805,"2023-02-06 00:03:25",B1082,CA1507,10568.94,848.216,173,116.978362,38.369379
1675641820,"2023-02-06 00:03:40",B1082,CA1507,10607.04,855.624,172,116.983377,38.337444
1675641835,"2023-02-06 00:03:55",B1082,CA1507,10652.76,863.032,173,116.98851,38.305
1675641846,"2023-02-06 00:04:06",B1082,CA1507,10698.48,866.736,173,116.99183,38.283737
1675641860,"2023-02-06 00:04:20",B1082,CA1507,10782.3,866.736,173,116.996931,38.251601
1675641874,"2023-02-06 00:04:34",B1082,CA1507,10904.22,861.18,173,117.001999,38.219925
1675641889,"2023-02-06 00:04:49",B1082,CA1507,11056.62,851.92,173,117.00714,38.18801
1675641904,"2023-02-06 00:05:04",B1082,CA1507,11193.78,842.66,173,117.01228,38.15594
1675641919,"2023-02-06 00:05:19",B1082,CA1507,11247.12,846.364,173,117.01705,38.12512
1675641934,"2023-02-06 00:05:34",B1082,CA1507,11277.6,853.772,173,117.021949,38.093231
1675641949,"2023-02-06 00:05:49",B1082,CA1507,11308.08,861.18,173,117.026785,38.061436
1675641964,"2023-02-06 00:06:04",B1082,CA1507,11308.08,870.44,173,117.031801,38.028802
1675641979,"2023-02-06 00:06:19",B1082,CA1507,11308.08,874.144,173,117.03683,37.99644
1675641994,"2023-02-06 00:06:34",B1082,CA1507,11308.08,870.44,172,117.04195,37.96391
1675642009,"2023-02-06 00:06:49",B1082,CA1507,11308.08,868.588,172,117.04703,37.93193
1675642022,"2023-02-06 00:07:02",B1082,CA1507,11308.08,870.44,173,117.048749,37.921051
1675642025,"2023-02-06 00:07:05",B1082,CA1507,11308.08,870.44,173,117.0521,37.89948
1675642039,"2023-02-06 00:07:19",B1082,CA1507,11308.08,859.328,173,117.057177,37.867452
1675642054,"2023-02-06 00:07:34",B1082,CA1507,11308.08,855.624,173,117.062132,37.83589
1675642069,"2023-02-06 00:07:49",B1082,CA1507,11308.08,851.92,173,117.067157,37.803726
1675642084,"2023-02-06 00:08:04",B1082,CA1507,11308.08,850.068,173,117.07212,37.77145
1675642099,"2023-02-06 00:08:19",B1082,CA1507,11308.08,851.92,173,117.076799,37.740875
1675642114,"2023-02-06 00:08:34",B1082,CA1507,11308.08,850.068,173,117.081776,37.708802
1675642129,"2023-02-06 00:08:49",B1082,CA1507,11308.08,851.92,173,117.08656,37.67757
1675642140,"2023-02-06 00:09:00",B1082,CA1507,11308.08,851.92,173,117.09001,37.65523
1675642154,"2023-02-06 00:09:14",B1082,CA1507,11308.08,853.772,173,117.094798,37.623734
1675642169,"2023-02-06 00:09:29",B1082,CA1507,11308.08,855.624,172,117.09963,37.5927
1675642184,"2023-02-06 00:09:44",B1082,CA1507,11308.08,855.624,173,117.104674,37.560287
1675642199,"2023-02-06 00:09:59",B1082,CA1507,11308.08,855.624,173,117.109524,37.529022
1675642214,"2023-02-06 00:10:14",B1082,CA1507,11308.08,857.476,173,117.11438,37.49741
1675642229,"2023-02-06 00:10:29",B1082,CA1507,11308.08,859.328,173,117.11934,37.46489
1675642244,"2023-02-06 00:10:44",B1082,CA1507,11308.08,859.328,173,117.124289,37.432701
1675642259,"2023-02-06 00:10:59",B1082,CA1507,11308.08,859.328,173,117.129101,37.401352
1675642274,"2023-02-06 00:11:14",B1082,CA1507,11308.08,857.476,173,117.134068,37.369171
1675642289,"2023-02-06 00:11:29",B1082,CA1507,11308.08,855.624,173,117.13886,37.33791
1675642304,"2023-02-06 00:11:44",B1082,CA1507,11308.08,855.624,173,117.143769,37.305817
1675642319,"2023-02-06 00:11:59",B1082,CA1507,11308.08,855.624,173,117.14862,37.27409
1675642334,"2023-02-06 00:12:14",B1082,CA1507,11308.08,853.772,173,117.153546,37.241837
1675642349,"2023-02-06 00:12:29",B1082,CA1507,11308.08,857.476,173,117.158437,37.209915
1675642364,"2023-02-06 00:12:44",B1082,CA1507,11308.08,863.032,173,117.16322,37.17811
1675642379,"2023-02-06 00:12:59",B1082,CA1507,11308.08,864.884,173,117.16805,37.14636
1675642394,"2023-02-06 00:13:14",B1082,CA1507,11308.08,866.736,173,117.17307,37.11359
1675642409,"2023-02-06 00:13:29",B1082,CA1507,11308.08,864.884,173,117.17803,37.08128
1675642424,"2023-02-06 00:13:44",B1082,CA1507,11308.08,866.736,173,117.182864,37.049423
1675642439,"2023-02-06 00:13:59",B1082,CA1507,11308.08,868.588,173,117.187759,37.017222
1675642454,"2023-02-06 00:14:14",B1082,CA1507,11308.08,870.44,173,117.19268,36.98456
1675642469,"2023-02-06 00:14:29",B1082,CA1507,11308.08,872.292,173,117.197649,36.952194
1675642484,"2023-02-06 00:14:44",B1082,CA1507,11308.08,874.144,173,117.20263,36.91909
1675642499,"2023-02-06 00:14:59",B1082,CA1507,11308.08,874.144,173,117.207583,36.886642
1675642514,"2023-02-06 00:15:14",B1082,CA1507,11308.08,877.848,172,117.21254,36.85429
1675642529,"2023-02-06 00:15:29",B1082,CA1507,11308.08,887.108,169,117.219154,36.821424
1675642544,"2023-02-06 00:15:44",B1082,CA1507,11308.08,892.664,166,117.228069,36.789322
1675642559,"2023-02-06 00:15:59",B1082,CA1507,11308.08,892.664,166,117.23838,36.756623
1675642574,"2023-02-06 00:16:14",B1082,CA1507,11308.08,888.96,166,117.24833,36.72469
1675642589,"2023-02-06 00:16:29",B1082,CA1507,11308.08,887.108,166,117.25837,36.69122
1675642604,"2023-02-06 00:16:44",B1082,CA1507,11308.08,888.96,167,117.267657,36.659655
1675642619,"2023-02-06 00:16:59",B1082,CA1507,11308.08,887.108,167,117.27705,36.627686
1675642634,"2023-02-06 00:17:14",B1082,CA1507,11308.08,887.108,167,117.286663,36.595276
1675642649,"2023-02-06 00:17:29",B1082,CA1507,11308.08,885.256,166,117.296526,36.562174
1675642664,"2023-02-06 00:17:44",B1082,CA1507,11308.08,881.552,166,117.30589,36.53078
1675642679,"2023-02-06 00:17:59",B1082,CA1507,11308.08,877.848,166,117.31546,36.49877
1675642694,"2023-02-06 00:18:14",B1082,CA1507,11308.08,877.848,167,117.32517,36.46614
1675642709,"2023-02-06 00:18:29",B1082,CA1507,11315.7,877.848,166,117.33445,36.43495
1675642724,"2023-02-06 00:18:44",B1082,CA1507,11308.08,874.144,166,117.34394,36.40279
1675642739,"2023-02-06 00:18:59",B1082,CA1507,11308.08,875.996,167,117.35344,36.37075
1675642754,"2023-02-06 00:19:14",B1082,CA1507,11308.08,877.848,166,117.36279,36.33905
1675642770,"2023-02-06 00:19:30",B1082,CA1507,11308.08,881.552,166,117.37279,36.30521
1675642784,"2023-02-06 00:19:44",B1082,CA1507,11308.08,879.7,166,117.381962,36.274202
1675642799,"2023-02-06 00:19:59",B1082,CA1507,11308.08,881.552,166,117.39126,36.24261
1675642814,"2023-02-06 00:20:14",B1082,CA1507,11308.08,883.404,167,117.40099,36.20966
1675642829,"2023-02-06 00:20:29",B1082,CA1507,11308.08,885.256,166,117.410316,36.178162
1675642844,"2023-02-06 00:20:44",B1082,CA1507,11308.08,883.404,167,117.42,36.14535
1675642859,"2023-02-06 00:20:59",B1082,CA1507,11308.08,885.256,167,117.42941,36.11336
1675642874,"2023-02-06 00:21:14",B1082,CA1507,11308.08,887.108,167,117.43893,36.08098
1675642889,"2023-02-06 00:21:29",B1082,CA1507,11308.08,887.108,166,117.448347,36.048889
1675642904,"2023-02-06 00:21:44",B1082,CA1507,11308.08,888.96,166,117.45775,36.01675
1675642919,"2023-02-06 00:21:59",B1082,CA1507,11308.08,887.108,166,117.46734,35.98427
1675642930,"2023-02-06 00:22:10",B1082,CA1507,11308.08,887.108,166,117.47388,35.96202
1675642944,"2023-02-06 00:22:24",B1082,CA1507,11308.08,887.108,167,117.48323,35.93009
1675642959,"2023-02-06 00:22:39",B1082,CA1507,11308.08,885.256,166,117.49271,35.89787
1675642974,"2023-02-06 00:22:54",B1082,CA1507,11308.08,885.256,166,117.50217,35.86547
1675642989,"2023-02-06 00:23:09",B1082,CA1507,11308.08,887.108,167,117.5116,35.83324
1675643004,"2023-02-06 00:23:24",B1082,CA1507,11308.08,887.108,167,117.520986,35.800998
1675643019,"2023-02-06 00:23:39",B1082,CA1507,11308.08,888.96,167,117.53104,35.76664
1675643034,"2023-02-06 00:23:54",B1082,CA1507,11308.08,888.96,167,117.54056,35.73401
1675643049,"2023-02-06 00:24:09",B1082,CA1507,11308.08,888.96,167,117.550049,35.701492
1675643064,"2023-02-06 00:24:24",B1082,CA1507,11308.08,892.664,167,117.55944,35.66902
1675643079,"2023-02-06 00:24:39",B1082,CA1507,11308.08,896.368,167,117.56922,35.63548
1675643094,"2023-02-06 00:24:54",B1082,CA1507,11308.08,896.368,167,117.578373,35.603897
1675643109,"2023-02-06 00:25:09",B1082,CA1507,11308.08,900.072,167,117.588131,35.570379
1675643124,"2023-02-06 00:25:24",B1082,CA1507,11308.08,900.072,167,117.597542,35.537796
1675643139,"2023-02-06 00:25:39",B1082,CA1507,11308.08,903.776,167,117.60698,35.50534
1675643154,"2023-02-06 00:25:54",B1082,CA1507,11308.08,903.776,167,117.61677,35.47164
1675643169,"2023-02-06 00:26:09",B1082,CA1507,11308.08,905.628,166,117.62604,35.43961
1675643184,"2023-02-06 00:26:24",B1082,CA1507,11308.08,905.628,167,117.63576,35.40596
1675643199,"2023-02-06 00:26:39",B1082,CA1507,11308.08,905.628,166,117.645607,35.371719
1675643214,"2023-02-06 00:26:54",B1082,CA1507,11308.08,905.628,167,117.65475,35.340131
1675643229,"2023-02-06 00:27:09",B1082,CA1507,11308.08,907.48,166,117.66433,35.30703
1675643244,"2023-02-06 00:27:24",B1082,CA1507,11308.08,903.776,166,117.67416,35.27298
1675643259,"2023-02-06 00:27:39",B1082,CA1507,11308.08,903.776,166,117.68417,35.2381
1675643274,"2023-02-06 00:27:54",B1082,CA1507,11308.08,903.776,166,117.69362,35.20518
1675643289,"2023-02-06 00:28:09",B1082,CA1507,11308.08,901.924,166,117.701168,35.179014
1675643304,"2023-02-06 00:28:24",B1082,CA1507,11308.08,900.072,167,117.71067,35.14601
1675643319,"2023-02-06 00:28:39",B1082,CA1507,11308.08,900.072,167,117.71994,35.11379
1675643334,"2023-02-06 00:28:54",B1082,CA1507,11308.08,898.22,167,117.72966,35.07981
1675643349,"2023-02-06 00:29:09",B1082,CA1507,11308.08,898.22,167,117.739414,35.045746
1675643364,"2023-02-06 00:29:24",B1082,CA1507,11308.08,896.368,167,117.74998,35.00887
1675643379,"2023-02-06 00:29:39",B1082,CA1507,11308.08,896.368,167,117.75696,34.98445
1675643394,"2023-02-06 00:29:54",B1082,CA1507,11308.08,894.516,166,117.76628,34.9517
1675643409,"2023-02-06 00:30:09",B1082,CA1507,11308.08,896.368,167,117.7759,34.91804
1675643424,"2023-02-06 00:30:24",B1082,CA1507,11308.08,892.664,168,117.78476,34.88681
1675643439,"2023-02-06 00:30:39",B1082,CA1507,11308.08,874.144,175,117.791233,34.853474
1675643454,"2023-02-06 00:30:54",B1082,CA1507,11308.08,863.032,180,117.79255,34.82177
1675643469,"2023-02-06 00:31:09",B1082,CA1507,11308.08,864.884,179,117.793064,34.789139
1675643484,"2023-02-06 00:31:24",B1082,CA1507,11308.08,866.736,179,117.793673,34.755753
1675643499,"2023-02-06 00:31:39",B1082,CA1507,11308.08,872.292,177,117.79478,34.72383
1675643514,"2023-02-06 00:31:54",B1082,CA1507,11308.08,883.404,173,117.79838,34.68906
1675643529,"2023-02-06 00:32:09",B1082,CA1507,11308.08,892.664,169,117.80497,34.65358
1675643544,"2023-02-06 00:32:24",B1082,CA1507,11308.08,903.776,166,117.81475,34.61655
1675643559,"2023-02-06 00:32:39",B1082,CA1507,11308.08,911.184,163,117.825737,34.583471
1675643579,"2023-02-06 00:32:59",B1082,CA1507,11308.08,914.888,163,117.83857,34.54907
1675643594,"2023-02-06 00:33:14",B1082,CA1507,11308.08,914.888,163,117.85057,34.51616
1675643610,"2023-02-06 00:33:30",B1082,CA1507,11308.08,914.888,164,117.86323,34.48059
1675643624,"2023-02-06 00:33:44",B1082,CA1507,11308.08,916.74,164,117.87466,34.44824
1675643639,"2023-02-06 00:33:59",B1082,CA1507,11308.08,918.592,164,117.886664,34.414444
1675643654,"2023-02-06 00:34:14",B1082,CA1507,11308.08,916.74,164,117.898379,34.381577
1675643669,"2023-02-06 00:34:29",B1082,CA1507,11308.08,913.036,163,117.91065,34.34715
1675643684,"2023-02-06 00:34:44",B1082,CA1507,11308.08,911.184,163,117.922325,34.314586
1675643699,"2023-02-06 00:34:59",B1082,CA1507,11308.08,909.332,163,117.934284,34.281114
1675643714,"2023-02-06 00:35:14",B1082,CA1507,11308.08,907.48,164,117.94653,34.24676
1675643729,"2023-02-06 00:35:29",B1082,CA1507,11308.08,907.48,163,117.95819,34.2144
1675643744,"2023-02-06 00:35:44",B1082,CA1507,11308.08,907.48,163,117.97125,34.17879
1675643759,"2023-02-06 00:35:59",B1082,CA1507,11308.08,905.628,163,117.98304,34.14672
1675643774,"2023-02-06 00:36:14",B1082,CA1507,11308.08,903.776,163,117.99528,34.11329
1675643789,"2023-02-06 00:36:29",B1082,CA1507,11308.08,905.628,163,118.006785,34.08197
1675643804,"2023-02-06 00:36:44",B1082,CA1507,11308.08,905.628,163,118.01542,34.05821
1675643819,"2023-02-06 00:36:59",B1082,CA1507,11308.08,907.48,163,118.02769,34.02434
1675643834,"2023-02-06 00:37:14",B1082,CA1507,11308.08,911.184,163,118.039239,33.992661
1675643849,"2023-02-06 00:37:29",B1082,CA1507,11308.08,913.036,163,118.05159,33.9586
1675643864,"2023-02-06 00:37:44",B1082,CA1507,11308.08,914.888,163,118.06284,33.92757
1675643879,"2023-02-06 00:37:59",B1082,CA1507,11308.08,922.296,162,118.07585,33.89231
1675643894,"2023-02-06 00:38:14",B1082,CA1507,11308.08,933.408,160,118.09042,33.85693
1675643909,"2023-02-06 00:38:29",B1082,CA1507,11308.08,942.668,156,118.10723,33.82237
1675643924,"2023-02-06 00:38:44",B1082,CA1507,11308.08,948.224,153,118.12511,33.7905
1675643939,"2023-02-06 00:38:59",B1082,CA1507,11308.08,959.336,151,118.14664,33.75636
1675643959,"2023-02-06 00:39:19",B1082,CA1507,11308.08,968.596,148,118.17003,33.72333
1675643974,"2023-02-06 00:39:34",B1082,CA1507,11308.08,966.744,145,118.19441,33.69241
1675643989,"2023-02-06 00:39:49",B1082,CA1507,11231.88,957.484,144,118.21894,33.66353
1675644004,"2023-02-06 00:40:04",B1082,CA1507,11163.3,950.076,145,118.24436,33.63339
1675644020,"2023-02-06 00:40:20",B1082,CA1507,11087.1,946.372,145,118.26782,33.60503
1675644034,"2023-02-06 00:40:34",B1082,CA1507,11018.52,940.816,145,118.29214,33.57543
1675644049,"2023-02-06 00:40:49",B1082,CA1507,10942.32,933.408,145,118.31572,33.54689
1675644064,"2023-02-06 00:41:04",B1082,CA1507,10866.12,933.408,145,118.33995,33.51755
1675644079,"2023-02-06 00:41:19",B1082,CA1507,10789.92,933.408,145,118.36296,33.48953
1675644094,"2023-02-06 00:41:34",B1082,CA1507,10713.72,931.556,145,118.38772,33.45961
1675644109,"2023-02-06 00:41:49",B1082,CA1507,10637.52,927.852,145,118.4107,33.43182
1675644124,"2023-02-06 00:42:04",B1082,CA1507,10561.32,922.296,145,118.43564,33.40174
1675644140,"2023-02-06 00:42:20",B1082,CA1507,10485.12,922.296,145,118.45975,33.37237
1675644154,"2023-02-06 00:42:34",B1082,CA1507,10408.92,920.444,145,118.48278,33.34448
1675644169,"2023-02-06 00:42:49",B1082,CA1507,10332.72,918.592,145,118.50621,33.31599
1675644184,"2023-02-06 00:43:04",B1082,CA1507,10264.14,918.592,145,118.5293,33.28802
1675644199,"2023-02-06 00:43:19",B1082,CA1507,10187.94,918.592,145,118.55303,33.25909
1675644214,"2023-02-06 00:43:34",B1082,CA1507,10111.74,924.148,145,118.57621,33.2309
1675644229,"2023-02-06 00:43:49",B1082,CA1507,10027.92,931.556,145,118.60175,33.19968
1675644243,"2023-02-06 00:44:03",B1082,CA1507,9951.72,937.112,145,118.62471,33.17157
1675644258,"2023-02-06 00:44:18",B1082,CA1507,9875.52,933.408,145,118.6491,33.14191
1675644273,"2023-02-06 00:44:33",B1082,CA1507,9799.32,924.148,144,118.67331,33.11303
1675644288,"2023-02-06 00:44:48",B1082,CA1507,9639.3,914.888,145,118.69769,33.08398
1675644303,"2023-02-06 00:45:03",B1082,CA1507,9532.62,905.628,144,118.71484,33.06354
1675644318,"2023-02-06 00:45:18",B1082,CA1507,9372.6,898.22,145,118.73956,33.03379
1675644333,"2023-02-06 00:45:33",B1082,CA1507,9220.2,887.108,145,118.76281,33.00577
1675644348,"2023-02-06 00:45:48",B1082,CA1507,9067.8,883.404,145,118.786142,32.977605
1675644363,"2023-02-06 00:46:03",B1082,CA1507,8923.02,874.144,145,118.80699,32.95237
1675644378,"2023-02-06 00:46:18",B1082,CA1507,8770.62,864.884,145,118.82961,32.92493
1675644393,"2023-02-06 00:46:33",B1082,CA1507,8610.6,848.216,145,118.85636,32.89233
1675644408,"2023-02-06 00:46:48",B1082,CA1507,8534.4,829.696,145,118.87695,32.86765
1675644428,"2023-02-06 00:47:08",B1082,CA1507,8450.58,809.324,144,118.8992,32.84093
1675644443,"2023-02-06 00:47:23",B1082,CA1507,8298.18,803.768,145,118.91975,32.81602
1675644458,"2023-02-06 00:47:38",B1082,CA1507,8145.78,800.064,145,118.94034,32.79093
1675644473,"2023-02-06 00:47:53",B1082,CA1507,7970.52,790.804,144,118.96304,32.76352
1675644488,"2023-02-06 00:48:08",B1082,CA1507,7818.12,788.952,145,118.98434,32.73791
1675644503,"2023-02-06 00:48:23",B1082,CA1507,7673.34,781.544,145,119.00336,32.71504
1675644518,"2023-02-06 00:48:38",B1082,CA1507,7513.32,775.988,144,119.02364,32.69066
1675644533,"2023-02-06 00:48:53",B1082,CA1507,7368.54,770.432,145,119.04297,32.66733
1675644548,"2023-02-06 00:49:08",B1082,CA1507,7208.52,766.728,145,119.06405,32.64192
1675644563,"2023-02-06 00:49:23",B1082,CA1507,7063.74,761.172,144,119.08199,32.62027
1675644578,"2023-02-06 00:49:38",B1082,CA1507,6911.34,755.616,145,119.10121,32.59699
1675644589,"2023-02-06 00:49:49",B1082,CA1507,6812.28,751.912,145,119.11382,32.58174
1675644603,"2023-02-06 00:50:03",B1082,CA1507,6659.88,742.652,148,119.13249,32.55789
1675644618,"2023-02-06 00:50:18",B1082,CA1507,6507.48,733.392,153,119.14783,32.53381
1675644633,"2023-02-06 00:50:33",B1082,CA1507,6431.28,727.836,155,119.16186,32.50868
1675644648,"2023-02-06 00:50:48",B1082,CA1507,6355.08,720.428,154,119.1756,32.4842
1675644663,"2023-02-06 00:51:03",B1082,CA1507,6316.98,718.576,154,119.18952,32.45952
1675644678,"2023-02-06 00:51:18",B1082,CA1507,6309.36,720.428,154,119.20331,32.43535
1675644693,"2023-02-06 00:51:33",B1082,CA1507,6309.36,714.872,154,119.21707,32.41102
1675644708,"2023-02-06 00:51:48",B1082,CA1507,6309.36,718.576,154,119.230499,32.387009
1675644723,"2023-02-06 00:52:03",B1082,CA1507,6309.36,720.428,155,119.24437,32.36237
1675644738,"2023-02-06 00:52:18",B1082,CA1507,6309.36,718.576,154,119.25782,32.3383
1675644753,"2023-02-06 00:52:33",B1082,CA1507,6309.36,722.28,154,119.2724,32.31237
1675644768,"2023-02-06 00:52:48",B1082,CA1507,6309.36,722.28,154,119.286255,32.287766
1675644783,"2023-02-06 00:53:03",B1082,CA1507,6309.36,720.428,154,119.300425,32.262656
1675644798,"2023-02-06 00:53:18",B1082,CA1507,6309.36,725.984,149,119.31539,32.23929
1675644813,"2023-02-06 00:53:33",B1082,CA1507,6309.36,729.688,144,119.332936,32.217035
1675644828,"2023-02-06 00:53:48",B1082,CA1507,6309.36,727.836,144,119.35206,32.19456
1675644843,"2023-02-06 00:54:03",B1082,CA1507,6309.36,738.948,136,119.37341,32.17216
1675644858,"2023-02-06 00:54:18",B1082,CA1507,6309.36,751.912,125,119.40042,32.15377
1675644873,"2023-02-06 00:54:33",B1082,CA1507,6309.36,751.912,125,119.42626,32.13869
1675644888,"2023-02-06 00:54:48",B1082,CA1507,6309.36,753.764,125,119.44751,32.12612
1675644903,"2023-02-06 00:55:03",B1082,CA1507,6309.36,755.616,126,119.47632,32.10875
1675644918,"2023-02-06 00:55:18",B1082,CA1507,6309.36,755.616,126,119.50479,32.09139
1675644933,"2023-02-06 00:55:33",B1082,CA1507,6309.36,755.616,126,119.53265,32.07435
1675644948,"2023-02-06 00:55:48",B1082,CA1507,6309.36,753.764,125,119.55922,32.05811
1675644963,"2023-02-06 00:56:03",B1082,CA1507,6309.36,753.764,125,119.58557,32.04195
1675644978,"2023-02-06 00:56:18",B1082,CA1507,6294.12,751.912,126,119.61309,32.02515
1675644993,"2023-02-06 00:56:33",B1082,CA1507,6217.92,751.912,126,119.63963,32.0089
1675645008,"2023-02-06 00:56:48",B1082,CA1507,6141.72,755.616,126,119.66757,31.99182
1675645023,"2023-02-06 00:57:03",B1082,CA1507,6065.52,755.616,126,119.6947,31.9752
1675645038,"2023-02-06 00:57:18",B1082,CA1507,5989.32,755.616,125,119.72065,31.95928
1675645053,"2023-02-06 00:57:33",B1082,CA1507,5905.5,753.764,125,119.74938,31.9417
1675645068,"2023-02-06 00:57:48",B1082,CA1507,5829.3,751.912,126,119.77609,31.92539
1675645083,"2023-02-06 00:58:03",B1082,CA1507,5753.1,750.06,126,119.80421,31.90805
1675645098,"2023-02-06 00:58:18",B1082,CA1507,5676.9,746.356,125,119.83085,31.89168
1675645113,"2023-02-06 00:58:33",B1082,CA1507,5600.7,744.504,125,119.85944,31.87413
1675645128,"2023-02-06 00:58:48",B1082,CA1507,5524.5,738.948,125,119.88483,31.85849
1675645143,"2023-02-06 00:59:03",B1082,CA1507,5448.3,737.096,125,119.91138,31.84218
1675645158,"2023-02-06 00:59:18",B1082,CA1507,5372.1,733.392,125,119.93752,31.82602
1675645173,"2023-02-06 00:59:33",B1082,CA1507,5295.9,725.984,126,119.96329,31.81004
1675645188,"2023-02-06 00:59:48",B1082,CA1507,5219.7,714.872,126,119.98892,31.79429
1675645203,"2023-02-06 01:00:03",B1082,CA1507,5143.5,701.908,125,120.01409,31.77879
1675645218,"2023-02-06 01:00:18",B1082,CA1507,5067.3,705.612,125,120.03926,31.76338
1675645233,"2023-02-06 01:00:33",B1082,CA1507,4991.1,713.02,126,120.06497,31.74737
1675645248,"2023-02-06 01:00:48",B1082,CA1507,4914.9,707.464,125,120.09064,31.73149
1675645263,"2023-02-06 01:01:03",B1082,CA1507,4838.7,700.056,125,120.11517,31.71623
1675645278,"2023-02-06 01:01:18",B1082,CA1507,4762.5,696.352,126,120.13964,31.70105
1675645293,"2023-02-06 01:01:33",B1082,CA1507,4686.3,694.5,126,120.16404,31.6859
1675645308,"2023-02-06 01:01:48",B1082,CA1507,4610.1,694.5,125,120.18889,31.67051
1675645323,"2023-02-06 01:02:03",B1082,CA1507,4533.9,688.944,126,120.21407,31.65491
1675645338,"2023-02-06 01:02:18",B1082,CA1507,4511.04,685.24,126,120.2382,31.63989
1675645353,"2023-02-06 01:02:33",B1082,CA1507,4511.04,685.24,125,120.2625,31.6248
1675645368,"2023-02-06 01:02:48",B1082,CA1507,4511.04,687.092,126,120.287219,31.609435
1675645383,"2023-02-06 01:03:03",B1082,CA1507,4511.04,672.276,123,120.31149,31.59453
1675645398,"2023-02-06 01:03:18",B1082,CA1507,4511.04,657.46,110,120.33715,31.58351
1675645413,"2023-02-06 01:03:33",B1082,CA1507,4465.32,644.496,108,120.364398,31.575731
1675645428,"2023-02-06 01:03:48",B1082,CA1507,4396.74,633.384,108,120.390985,31.568143
1675645443,"2023-02-06 01:04:03",B1082,CA1507,4251.96,637.088,109,120.41768,31.56028
1675645458,"2023-02-06 01:04:18",B1082,CA1507,4069.08,650.052,109,120.444085,31.552322
1675645473,"2023-02-06 01:04:33",B1082,CA1507,3909.06,655.608,109,120.47058,31.54431
1675645488,"2023-02-06 01:04:48",B1082,CA1507,3756.66,659.312,109,120.4981,31.53607
1675645503,"2023-02-06 01:05:03",B1082,CA1507,3695.7,644.496,109,120.525293,31.527969
1675645518,"2023-02-06 01:05:18",B1082,CA1507,3649.98,624.124,109,120.551901,31.52005
1675645533,"2023-02-06 01:05:33",B1082,CA1507,3611.88,609.308,109,120.57676,31.51265
1675645548,"2023-02-06 01:05:48",B1082,CA1507,3558.54,594.492,109,120.602094,31.505127
1675645563,"2023-02-06 01:06:03",B1082,CA1507,3390.9,603.752,109,120.62703,31.49767
1675645578,"2023-02-06 01:06:18",B1082,CA1507,3238.5,613.012,109,120.65234,31.49002
1675645593,"2023-02-06 01:06:33",B1082,CA1507,3177.54,590.788,109,120.67718,31.48258
1675645608,"2023-02-06 01:06:48",B1082,CA1507,3131.82,563.008,109,120.70058,31.475551
1675645623,"2023-02-06 01:07:03",B1082,CA1507,3032.76,542.636,109,120.723644,31.468689
1675645638,"2023-02-06 01:07:18",B1082,CA1507,2887.98,537.08,109,120.746316,31.461868
1675645653,"2023-02-06 01:07:33",B1082,CA1507,2758.44,533.376,110,120.768127,31.455231
1675645668,"2023-02-06 01:07:48",B1082,CA1507,2651.76,525.968,110,120.790585,31.44841
1675645683,"2023-02-06 01:08:03",B1082,CA1507,2560.32,525.968,109,120.811816,31.442033
1675645698,"2023-02-06 01:08:18",B1082,CA1507,2446.02,524.116,109,120.833453,31.435501
1675645713,"2023-02-06 01:08:33",B1082,CA1507,2346.96,520.412,109,120.854995,31.429001
1675645728,"2023-02-06 01:08:48",B1082,CA1507,2255.52,516.708,109,120.876581,31.422528
1675645743,"2023-02-06 01:09:03",B1082,CA1507,2141.22,520.412,110,120.89745,31.4162
1675645758,"2023-02-06 01:09:18",B1082,CA1507,2034.54,522.264,110,120.919513,31.4095
1675645773,"2023-02-06 01:09:33",B1082,CA1507,1927.86,520.412,109,120.940961,31.403022
1675645788,"2023-02-06 01:09:48",B1082,CA1507,1836.42,518.56,95,120.96348,31.39865
1675645803,"2023-02-06 01:10:03",B1082,CA1507,1729.74,513.004,92,120.98595,31.39753
1675645819,"2023-02-06 01:10:19",B1082,CA1507,1615.44,511.152,94,121.00792,31.39641
1675645833,"2023-02-06 01:10:33",B1082,CA1507,1524,507.448,94,121.03002,31.39503
1675645848,"2023-02-06 01:10:48",B1082,CA1507,1432.56,505.596,95,121.052802,31.393479
1675645863,"2023-02-06 01:11:03",B1082,CA1507,1348.74,498.188,95,121.074884,31.391896
1675645878,"2023-02-06 01:11:18",B1082,CA1507,1264.92,496.336,95,121.096307,31.390407
1675645893,"2023-02-06 01:11:33",B1082,CA1507,1150.62,498.188,95,121.117456,31.388917
1675645908,"2023-02-06 01:11:48",B1082,CA1507,1059.18,496.336,94,121.13929,31.38744
1675645923,"2023-02-06 01:12:03",B1082,CA1507,998.22,483.372,95,121.16083,31.38602
1675645942,"2023-02-06 01:12:22",B1082,CA1507,937.26,474.112,94,121.18392,31.38445
1675645957,"2023-02-06 01:12:37",B1082,CA1507,899.16,457.444,94,121.2036,31.38313
1675645973,"2023-02-06 01:12:53",B1082,CA1507,868.68,440.776,90,121.22314,31.38217
1675645987,"2023-02-06 01:13:07",B1082,CA1507,845.82,424.108,88,121.242963,31.382401
1675646002,"2023-02-06 01:13:22",B1082,CA1507,822.96,407.44,90,121.26057,31.38249
1675646017,"2023-02-06 01:13:37",B1082,CA1507,800.1,392.624,90,121.277591,31.382492
1675646032,"2023-02-06 01:13:52",B1082,CA1507,777.24,375.956,89,121.29515,31.38263
1675646046,"2023-02-06 01:14:06",B1082,CA1507,754.38,342.62,108,121.310925,31.381236
1675646061,"2023-02-06 01:14:21",B1082,CA1507,723.9,316.692,150,121.32121,31.37347
1675646076,"2023-02-06 01:14:36",B1082,CA1507,685.8,311.136,168,121.325899,31.362488
1675646091,"2023-02-06 01:14:51",B1082,CA1507,647.7,298.172,175,121.327679,31.351163
1675646106,"2023-02-06 01:15:06",B1082,CA1507,624.84,279.652,177,121.328394,31.34027
1675646121,"2023-02-06 01:15:21",B1082,CA1507,601.98,281.504,176,121.329076,31.329895
1675646135,"2023-02-06 01:15:35",B1082,CA1507,586.74,279.652,178,121.329657,31.319461
1675646150,"2023-02-06 01:15:50",B1082,CA1507,548.64,281.504,177,121.330261,31.308792
1675646165,"2023-02-06 01:16:05",B1082,CA1507,495.3,255.576,177,121.3308,31.298401
1675646180,"2023-02-06 01:16:20",B1082,CA1507,434.34,233.352,178,121.33136,31.289528
1675646195,"2023-02-06 01:16:35",B1082,CA1507,388.62,231.5,177,121.33174,31.28087
1675646210,"2023-02-06 01:16:50",B1082,CA1507,342.9,233.352,177,121.3322,31.272079
1675646235,"2023-02-06 01:17:15",B1082,CA1507,243.84,237.056,178,121.333062,31.256744
1675646250,"2023-02-06 01:17:30",B1082,CA1507,205.74,235.204,176,121.33349,31.2502
1675646280,"2023-02-06 01:18:00",B1082,CA1507,91.44,238.908,176,121.33457,31.23038
1675646295,"2023-02-06 01:18:15",B1082,CA1507,38.1,242.612,177,121.335,31.22282
1675646325,"2023-02-06 01:18:45",B1082,CA1507,-45.72,238.908,177,121.33592,31.20529
1675646345,"2023-02-06 01:19:05",B1082,CA1507,0,127.788,177,121.33647,31.19489
1675646366,"2023-02-06 01:19:26",B1082,CA1507,0,50.004,191,121.33644,31.19117
1675646404,"2023-02-06 01:20:04",B1082,CA1507,0,22.224,205,121.33507,31.18835
1675646421,"2023-02-06 01:20:21",B1082,CA1507,0,22.224,182,121.33495,31.18753
1675646460,"2023-02-06 01:21:00",B1082,CA1507,0,18.52,182,121.33505,31.18501
1675646472,"2023-02-06 01:21:12",B1082,CA1507,0,22.224,241,121.3346,31.18484
1675646526,"2023-02-06 01:22:06",B1082,CA1507,0,18.52,306,121.33126,31.18499
1675646580,"2023-02-06 01:23:00",B1082,CA1507,0,31.484,357,121.3311,31.18808
1675646721,"2023-02-06 01:25:21",B1082,CA1507,0,16.668,267,121.328009,31.196505
1675646785,"2023-02-06 01:26:25",B1082,CA1507,0,11.112,177,121.3271,31.19521
