Time,"UTC TIME",Anum,Fnum,Height,Speed,Angle,Longitude,Latitude
1715939160,"2024-05-17 09:46:00",B1873,CA8232,76.2,324.1,195,113.28588104248,23.385890960693
1715939174,"2024-05-17 09:46:14",B1873,CA8232,198.12,320.396,195,113.28323364258,23.376110076904
1715939189,"2024-05-17 09:46:29",B1873,CA8232,373.38,325.952,210,113.27839660645,23.364990234375
1715939204,"2024-05-17 09:46:44",B1873,CA8232,541.02,327.804,220,113.27031707764,23.355630874634
1715939220,"2024-05-17 09:47:00",B1873,CA8232,716.28,322.248,221,113.26201629639,23.346460342407
1715939234,"2024-05-17 09:47:14",B1873,CA8232,891.54,320.396,221,113.25337982178,23.337060928345
1715939249,"2024-05-17 09:47:29",B1873,CA8232,1036.32,327.804,222,113.24491882324,23.328050613403
1715939264,"2024-05-17 09:47:44",B1873,CA8232,1104.9,366.696,233,113.2347869873,23.318660736084
1715939279,"2024-05-17 09:47:59",B1873,CA8232,1188.72,407.44,269,113.21929931641,23.315050125122
1715939294,"2024-05-17 09:48:14",B1873,CA8232,1249.68,457.444,298,113.20250701904,23.319829940796
1715939309,"2024-05-17 09:48:29",B1873,CA8232,1386.84,490.78,315,113.18704986572,23.330820083618
1715939320,"2024-05-17 09:48:40",B1873,CA8232,1463.04,514.856,318,113.17810058594,23.33989906311
1715939334,"2024-05-17 09:48:54",B1873,CA8232,1668.78,525.968,314,113.16264343262,23.353910446167
1715939350,"2024-05-17 09:49:10",B1873,CA8232,1935.48,522.264,311,113.14640808105,23.367080688477
1715939365,"2024-05-17 09:49:25",B1873,CA8232,2171.7,525.968,312,113.13062286377,23.379640579224
1715939379,"2024-05-17 09:49:39",B1873,CA8232,2400.3,527.82,312,113.11401367188,23.392780303955
1715939394,"2024-05-17 09:49:54",B1873,CA8232,2598.42,533.376,313,113.09768676758,23.405860900879
1715939409,"2024-05-17 09:50:09",B1873,CA8232,2796.54,544.488,333,113.08502197266,23.421779632568
1715939424,"2024-05-17 09:50:24",B1873,CA8232,2979.42,559.304,357,113.07997894287,23.442119598389
1715939439,"2024-05-17 09:50:39",B1873,CA8232,3200.4,555.6,0,113.07978057861,23.462839126587
1715939454,"2024-05-17 09:50:54",B1873,CA8232,3406.14,561.156,0,113.07962799072,23.484439849854
1715939465,"2024-05-17 09:51:05",B1873,CA8232,3528.06,563.008,0,113.07948303223,23.497970581055
1715939480,"2024-05-17 09:51:20",B1873,CA8232,3741.42,563.008,0,113.07933044434,23.519449234009
1715939494,"2024-05-17 09:51:34",B1873,CA8232,3870.96,583.38,0,113.07917022705,23.541090011597
1715939505,"2024-05-17 09:51:45",B1873,CA8232,3901.44,605.604,0,113.07906341553,23.555429458618
1715939519,"2024-05-17 09:51:59",B1873,CA8232,3909.06,644.496,0,113.07891845703,23.57958984375
1715939534,"2024-05-17 09:52:14",B1873,CA8232,3901.44,688.944,0,113.07877349854,23.605680465698
1715939549,"2024-05-17 09:52:29",B1873,CA8232,3893.82,711.168,0,113.07865142822,23.631679534912
1715939564,"2024-05-17 09:52:44",B1873,CA8232,3916.68,714.872,0,113.07861328125,23.658550262451
1715939579,"2024-05-17 09:52:59",B1873,CA8232,4046.22,727.836,3,113.07887268066,23.68510055542
1715939594,"2024-05-17 09:53:14",B1873,CA8232,4221.48,737.096,18,113.08563995361,23.712869644165
1715939609,"2024-05-17 09:53:29",B1873,CA8232,4381.5,738.948,25,113.09761047363,23.737409591675
1715939625,"2024-05-17 09:53:45",B1873,CA8232,4526.28,746.356,25,113.11071014404,23.762739181519
1715939639,"2024-05-17 09:53:59",B1873,CA8232,4663.44,750.06,26,113.12358093262,23.787549972534
1715939654,"2024-05-17 09:54:14",B1873,CA8232,4792.98,757.468,26,113.13773345947,23.814640045166
1715939669,"2024-05-17 09:54:29",B1873,CA8232,4892.04,770.432,26,113.15103912354,23.840059280396
1715939680,"2024-05-17 09:54:40",B1873,CA8232,4975.86,774.136,26,113.15995788574,23.857089996338
1715939694,"2024-05-17 09:54:54",B1873,CA8232,5067.3,774.136,26,113.17378997803,23.88330078125
1715939709,"2024-05-17 09:55:09",B1873,CA8232,5097.78,770.432,26,113.18836975098,23.910829544067
1715939725,"2024-05-17 09:55:25",B1873,CA8232,5097.78,772.284,26,113.20146942139,23.935720443726
1715939739,"2024-05-17 09:55:39",B1873,CA8232,5090.16,772.284,26,113.21504211426,23.961410522461
1715939754,"2024-05-17 09:55:54",B1873,CA8232,5090.16,772.284,26,113.22888183594,23.987760543823
1715939769,"2024-05-17 09:56:09",B1873,CA8232,5090.16,772.284,25,113.24256134033,24.013740539551
1715939784,"2024-05-17 09:56:24",B1873,CA8232,5090.16,772.284,26,113.25657653809,24.040370941162
1715939799,"2024-05-17 09:56:39",B1873,CA8232,5090.16,770.432,26,113.27012634277,24.066059112549
1715939814,"2024-05-17 09:56:54",B1873,CA8232,5090.16,772.284,26,113.28424835205,24.092739105225
1715939825,"2024-05-17 09:57:05",B1873,CA8232,5090.16,774.136,26,113.29341125488,24.110000610352
1715939839,"2024-05-17 09:57:19",B1873,CA8232,5135.88,775.988,26,113.30728912354,24.136280059814
1715939854,"2024-05-17 09:57:34",B1873,CA8232,5257.8,781.544,26,113.32118225098,24.162549972534
1715939869,"2024-05-17 09:57:49",B1873,CA8232,5387.34,785.248,25,113.33490753174,24.188539505005
1715939884,"2024-05-17 09:58:04",B1873,CA8232,5516.88,792.656,25,113.35037231445,24.217710494995
1715939899,"2024-05-17 09:58:19",B1873,CA8232,5623.56,796.36,25,113.36376953125,24.243009567261
1715939914,"2024-05-17 09:58:34",B1873,CA8232,5730.24,805.62,26,113.37808227539,24.270009994507
1715939929,"2024-05-17 09:58:49",B1873,CA8232,5905.5,796.36,26,113.39217376709,24.296449661255
1715939944,"2024-05-17 09:59:04",B1873,CA8232,6050.28,794.508,25,113.40698242188,24.324510574341
1715939959,"2024-05-17 09:59:19",B1873,CA8232,6156.96,787.1,13,113.416847229,24.351839065552
1715939974,"2024-05-17 09:59:34",B1873,CA8232,6248.4,790.804,3,113.42031097412,24.380899429321
1715939989,"2024-05-17 09:59:49",B1873,CA8232,6301.74,800.064,1,113.42143249512,24.41130065918
1715940004,"2024-05-17 10:00:04",B1873,CA8232,6309.36,798.212,1,113.4224395752,24.442529678345
1715940020,"2024-05-17 10:00:20",B1873,CA8232,6316.98,800.064,2,113.42342376709,24.471670150757
1715940034,"2024-05-17 10:00:34",B1873,CA8232,6309.36,800.064,1,113.42437744141,24.501390457153
1715940049,"2024-05-17 10:00:49",B1873,CA8232,6309.36,801.916,2,113.42539215088,24.534259796143
1715940064,"2024-05-17 10:01:04",B1873,CA8232,6309.36,803.768,1,113.42626953125,24.561979293823
1715940079,"2024-05-17 10:01:19",B1873,CA8232,6301.74,809.324,1,113.42720031738,24.592060089111
1715940094,"2024-05-17 10:01:34",B1873,CA8232,6309.36,805.62,1,113.42809295654,24.622150421143
1715940109,"2024-05-17 10:01:49",B1873,CA8232,6332.22,809.324,1,113.42900848389,24.652589797974
1715940124,"2024-05-17 10:02:04",B1873,CA8232,6408.42,814.88,1,113.42994689941,24.682880401611
1715940140,"2024-05-17 10:02:20",B1873,CA8232,6537.96,814.88,1,113.43089294434,24.716949462891
1715940154,"2024-05-17 10:02:34",B1873,CA8232,6614.16,820.436,1,113.43164825439,24.744640350342
1715940169,"2024-05-17 10:02:49",B1873,CA8232,6697.98,827.844,1,113.43245697021,24.775310516357
1715940184,"2024-05-17 10:03:04",B1873,CA8232,6835.14,824.14,1,113.43337249756,24.806480407715
1715940199,"2024-05-17 10:03:19",B1873,CA8232,6888.48,822.288,1,113.43424224854,24.837390899658
1715940215,"2024-05-17 10:03:35",B1873,CA8232,6896.1,820.436,1,113.43515777588,24.868009567261
1715940229,"2024-05-17 10:03:49",B1873,CA8232,6896.1,825.992,1,113.43601226807,24.898880004883
1715940244,"2024-05-17 10:04:04",B1873,CA8232,6888.48,831.548,1,113.43688964844,24.930400848389
1715940259,"2024-05-17 10:04:19",B1873,CA8232,6888.48,833.4,1,113.43781280518,24.96143913269
1715940274,"2024-05-17 10:04:34",B1873,CA8232,6888.48,831.548,1,113.43876647949,24.994899749756
1715940285,"2024-05-17 10:04:45",B1873,CA8232,6888.48,829.696,1,113.43933105469,25.014360427856
1715940299,"2024-05-17 10:04:59",B1873,CA8232,6888.48,827.844,1,113.44016265869,25.045429229736
1715940314,"2024-05-17 10:05:14",B1873,CA8232,6888.48,824.14,1,113.44106292725,25.077709197998
1715940329,"2024-05-17 10:05:29",B1873,CA8232,6888.48,822.288,1,113.44191741943,25.108829498291
1715940344,"2024-05-17 10:05:44",B1873,CA8232,6888.48,824.14,1,113.44270324707,25.137460708618
1715940355,"2024-05-17 10:05:55",B1873,CA8232,6888.48,825.992,1,113.44336700439,25.160739898682
1715940369,"2024-05-17 10:06:09",B1873,CA8232,6888.48,827.844,1,113.44420623779,25.189270019531
1715940384,"2024-05-17 10:06:24",B1873,CA8232,6888.48,835.252,5,113.44632720947,25.221910476685
1715940399,"2024-05-17 10:06:39",B1873,CA8232,6888.48,844.512,17,113.45443725586,25.252489089966
1715940415,"2024-05-17 10:06:55",B1873,CA8232,6888.48,850.068,30,113.4695892334,25.280000686646
1715940429,"2024-05-17 10:07:09",B1873,CA8232,6888.48,850.068,31,113.48763275146,25.306869506836
1715940444,"2024-05-17 10:07:24",B1873,CA8232,6888.48,848.216,31,113.50595855713,25.333969116211
1715940469,"2024-05-17 10:07:49",B1873,CA8232,6880.86,814.88,31,113.54151916504,25.386379241943
1715940481,"2024-05-17 10:08:01",B1873,CA8232,6888.48,801.916,31,113.549659729,25.398300170898
1715940710,"2024-05-17 10:11:50",B1873,CA8232,6888.48,733.392,1,113.6468963623,25.809219360352
1715940721,"2024-05-17 10:12:01",B1873,CA8232,6888.48,733.392,1,113.64730834961,25.821439743042
1715940735,"2024-05-17 10:12:15",B1873,CA8232,6888.48,737.096,1,113.64817810059,25.848550796509
1715940754,"2024-05-17 10:12:34",B1873,CA8232,6888.48,733.392,359,113.64807128906,25.89068031311
1715940769,"2024-05-17 10:12:49",B1873,CA8232,6888.48,731.54,359,113.64739990234,25.909189224243
1715940784,"2024-05-17 10:13:04",B1873,CA8232,6888.48,731.54,359,113.64643096924,25.934949874878
1715940798,"2024-05-17 10:13:18",B1873,CA8232,6888.48,733.392,359,113.64543151855,25.963579177856
1715940813,"2024-05-17 10:13:33",B1873,CA8232,6888.48,738.948,359,113.64434051514,25.992649078369
1715940828,"2024-05-17 10:13:48",B1873,CA8232,6888.48,733.392,359,113.64346313477,26.017679214478
1715940839,"2024-05-17 10:13:59",B1873,CA8232,6888.48,729.688,359,113.64279174805,26.036249160767
1715940853,"2024-05-17 10:14:13",B1873,CA8232,6888.48,724.132,359,113.64170074463,26.066440582275
1715940868,"2024-05-17 10:14:28",B1873,CA8232,6888.48,714.872,359,113.64082336426,26.092029571533
1715940883,"2024-05-17 10:14:43",B1873,CA8232,6888.48,709.316,359,113.63987731934,26.117160797119
1715940898,"2024-05-17 10:14:58",B1873,CA8232,6888.48,705.612,359,113.63887786865,26.143690109253
1715940913,"2024-05-17 10:15:13",B1873,CA8232,6888.48,698.204,359,113.63781738281,26.172550201416
1715940928,"2024-05-17 10:15:28",B1873,CA8232,6888.48,694.5,359,113.63681793213,26.199689865112
1715940939,"2024-05-17 10:15:39",B1873,CA8232,6888.48,688.944,359,113.6363067627,26.214160919189
1715940953,"2024-05-17 10:15:53",B1873,CA8232,6888.48,679.684,355,113.6340713501,26.241260528564
1715940968,"2024-05-17 10:16:08",B1873,CA8232,6888.48,685.24,353,113.6304473877,26.265380859375
1715940984,"2024-05-17 10:16:24",B1873,CA8232,6888.48,692.648,353,113.62635803223,26.292240142822
1715940998,"2024-05-17 10:16:38",B1873,CA8232,6888.48,696.352,353,113.62255859375,26.316860198975
1715941009,"2024-05-17 10:16:49",B1873,CA8232,6888.48,696.352,353,113.61978149414,26.334920883179
1715941023,"2024-05-17 10:17:03",B1873,CA8232,6896.1,707.464,353,113.61598968506,26.359949111938
1715941034,"2024-05-17 10:17:14",B1873,CA8232,6888.48,727.836,352,113.61299133301,26.379089355469
1715941048,"2024-05-17 10:17:28",B1873,CA8232,6888.48,751.912,353,113.60803222656,26.410989761353
1715941063,"2024-05-17 10:17:43",B1873,CA8232,6888.48,757.468,353,113.60344696045,26.440570831299
1715941078,"2024-05-17 10:17:58",B1873,CA8232,6888.48,759.32,353,113.59971618652,26.464460372925
1715941093,"2024-05-17 10:18:13",B1873,CA8232,6888.48,759.32,353,113.59456634521,26.498369216919
1715941112,"2024-05-17 10:18:32",B1873,CA8232,6888.48,761.172,353,113.58976745605,26.529420852661
1715941126,"2024-05-17 10:18:46",B1873,CA8232,6888.48,763.024,353,113.58574676514,26.55544090271
1715941140,"2024-05-17 10:19:00",B1873,CA8232,6949.44,763.024,353,113.58200073242,26.57991027832
1715941151,"2024-05-17 10:19:11",B1873,CA8232,7040.88,768.58,352,113.57792663574,26.60585975647
1715941165,"2024-05-17 10:19:25",B1873,CA8232,7132.32,768.58,352,113.57406616211,26.630529403687
1715941184,"2024-05-17 10:19:44",B1873,CA8232,7269.48,770.432,352,113.56874084473,26.664840698242
1715941218,"2024-05-17 10:20:18",B1873,CA8232,7490.46,781.544,352,113.55815887451,26.732849121094
1715941233,"2024-05-17 10:20:33",B1873,CA8232,7498.08,785.248,353,113.55390167236,26.760229110718
1715941244,"2024-05-17 10:20:44",B1873,CA8232,7505.7,785.248,353,113.55088043213,26.77972984314
1715941275,"2024-05-17 10:21:15",B1873,CA8232,7498.08,783.396,352,113.54048156738,26.846630096436
1715941286,"2024-05-17 10:21:26",B1873,CA8232,7498.08,783.396,352,113.53778839111,26.864139556885
1715941317,"2024-05-17 10:21:57",B1873,CA8232,7498.08,783.396,352,113.52783966064,26.928409576416
1715941332,"2024-05-17 10:22:12",B1873,CA8232,7498.08,781.544,353,113.52458190918,26.949459075928
1715941346,"2024-05-17 10:22:26",B1873,CA8232,7498.08,781.544,353,113.52037811279,26.976930618286
1715941361,"2024-05-17 10:22:41",B1873,CA8232,7498.08,787.1,353,113.51582336426,27.006090164185
1715941376,"2024-05-17 10:22:56",B1873,CA8232,7498.08,788.952,352,113.51126098633,27.035339355469
1715941392,"2024-05-17 10:23:12",B1873,CA8232,7498.08,788.952,353,113.50639343262,27.066150665283
1715941406,"2024-05-17 10:23:26",B1873,CA8232,7498.08,783.396,352,113.50203704834,27.094120025635
1715941421,"2024-05-17 10:23:41",B1873,CA8232,7498.08,779.692,352,113.49754333496,27.122680664062
1715941436,"2024-05-17 10:23:56",B1873,CA8232,7498.08,777.84,353,113.49297332764,27.151519775391
1715941451,"2024-05-17 10:24:11",B1873,CA8232,7498.08,779.692,352,113.48819732666,27.181959152222
1715941466,"2024-05-17 10:24:26",B1873,CA8232,7498.08,781.544,353,113.48385620117,27.209739685059
1715941480,"2024-05-17 10:24:40",B1873,CA8232,7498.08,781.544,353,113.4794921875,27.237850189209
1715941496,"2024-05-17 10:24:56",B1873,CA8232,7498.08,785.248,353,113.47492980957,27.26692199707
1715941510,"2024-05-17 10:25:10",B1873,CA8232,7498.08,785.248,353,113.47032165527,27.296264648438
1715941525,"2024-05-17 10:25:25",B1873,CA8232,7498.08,785.248,353,113.46578979492,27.325090408325
1715941540,"2024-05-17 10:25:40",B1873,CA8232,7498.08,785.248,353,113.46130371094,27.353675842285
1715941556,"2024-05-17 10:25:56",B1873,CA8232,7498.08,787.1,352,113.45671081543,27.382720947266
1715941570,"2024-05-17 10:26:10",B1873,CA8232,7498.08,787.1,353,113.45202636719,27.412769317627
1715941585,"2024-05-17 10:26:25",B1873,CA8232,7498.08,785.248,352,113.44747161865,27.441789627075
1715941599,"2024-05-17 10:26:39",B1873,CA8232,7498.08,785.248,352,113.44323730469,27.46861076355
1715941610,"2024-05-17 10:26:50",B1873,CA8232,7498.08,783.396,352,113.44011688232,27.488580703735
1715941624,"2024-05-17 10:27:04",B1873,CA8232,7498.08,781.544,352,113.43557739258,27.517400741577
1715941639,"2024-05-17 10:27:19",B1873,CA8232,7498.08,781.544,353,113.43073272705,27.54817199707
1715941654,"2024-05-17 10:27:34",B1873,CA8232,7498.08,781.544,352,113.42637634277,27.575729370117
1715941669,"2024-05-17 10:27:49",B1873,CA8232,7498.08,781.544,352,113.42153167725,27.606550216675
1715941680,"2024-05-17 10:28:00",B1873,CA8232,7498.08,783.396,353,113.41886138916,27.624250411987
1715941694,"2024-05-17 10:28:14",B1873,CA8232,7498.08,785.248,357,113.4164276123,27.653270721436
1715941709,"2024-05-17 10:28:29",B1873,CA8232,7498.08,790.804,2,113.41679382324,27.682889938354
1715941724,"2024-05-17 10:28:44",B1873,CA8232,7498.08,790.804,4,113.41927337646,27.712554931641
1715941740,"2024-05-17 10:29:00",B1873,CA8232,7498.08,788.952,4,113.4220199585,27.743770599365
1715941754,"2024-05-17 10:29:14",B1873,CA8232,7498.08,785.248,4,113.42450714111,27.772018432617
1715941769,"2024-05-17 10:29:29",B1873,CA8232,7498.08,788.952,4,113.42704772949,27.801544189453
1715941784,"2024-05-17 10:29:44",B1873,CA8232,7498.08,787.1,4,113.42971801758,27.831909179688
1715941799,"2024-05-17 10:29:59",B1873,CA8232,7498.08,788.952,4,113.43218231201,27.860279083252
1715941810,"2024-05-17 10:30:10",B1873,CA8232,7498.08,788.952,4,113.43394470215,27.880275726318
1715941824,"2024-05-17 10:30:24",B1873,CA8232,7498.08,790.804,5,113.43653106689,27.909299850464
1715941839,"2024-05-17 10:30:39",B1873,CA8232,7498.08,792.656,4,113.4391784668,27.938959121704
1715941854,"2024-05-17 10:30:54",B1873,CA8232,7498.08,792.656,4,113.44181060791,27.969039916992
1715941870,"2024-05-17 10:31:10",B1873,CA8232,7498.08,792.656,4,113.44434356689,27.998699188232
1715941884,"2024-05-17 10:31:24",B1873,CA8232,7498.08,790.804,4,113.44692230225,28.028358459473
1715941899,"2024-05-17 10:31:39",B1873,CA8232,7498.08,790.804,4,113.44956207275,28.058479309082
1715941914,"2024-05-17 10:31:54",B1873,CA8232,7498.08,790.804,4,113.4521484375,28.087991714478
1715941928,"2024-05-17 10:32:08",B1873,CA8232,7498.08,790.804,4,113.45443725586,28.11589050293
1715941943,"2024-05-17 10:32:23",B1873,CA8232,7498.08,787.1,3,113.45645904541,28.144689559937
1715941958,"2024-05-17 10:32:38",B1873,CA8232,7498.08,787.1,3,113.45845031738,28.174530029297
1715941973,"2024-05-17 10:32:53",B1873,CA8232,7498.08,783.396,3,113.46049499512,28.204092025757
1715941988,"2024-05-17 10:33:08",B1873,CA8232,7498.08,781.544,3,113.46262359619,28.233169555664
1715942003,"2024-05-17 10:33:23",B1873,CA8232,7498.08,781.544,3,113.46475219727,28.262279510498
1715942018,"2024-05-17 10:33:38",B1873,CA8232,7498.08,783.396,3,113.46695709229,28.292909622192
1715942033,"2024-05-17 10:33:53",B1873,CA8232,7498.08,787.1,4,113.46907043457,28.322849273682
1715942048,"2024-05-17 10:34:08",B1873,CA8232,7498.08,785.248,4,113.47104644775,28.350410461426
1715942063,"2024-05-17 10:34:23",B1873,CA8232,7498.08,783.396,3,113.4732131958,28.380939483643
1715942078,"2024-05-17 10:34:38",B1873,CA8232,7498.08,783.396,3,113.47525024414,28.409549713135
1715942093,"2024-05-17 10:34:53",B1873,CA8232,7498.08,783.396,3,113.47734832764,28.43922996521
1715942108,"2024-05-17 10:35:08",B1873,CA8232,7459.98,783.396,3,113.47942352295,28.468688964844
1715942123,"2024-05-17 10:35:23",B1873,CA8232,7391.4,779.692,4,113.48155212402,28.498119354248
1715942138,"2024-05-17 10:35:38",B1873,CA8232,7322.82,775.988,3,113.48374938965,28.528469085693
1715942153,"2024-05-17 10:35:53",B1873,CA8232,7254.24,774.136,3,113.4857635498,28.556079864502
1715942168,"2024-05-17 10:36:08",B1873,CA8232,7178.04,774.136,3,113.48790740967,28.585260391235
1715942183,"2024-05-17 10:36:23",B1873,CA8232,7101.84,772.284,4,113.49001312256,28.615749359131
1715942199,"2024-05-17 10:36:39",B1873,CA8232,7018.02,761.172,3,113.49194335938,28.643009185791
1715942214,"2024-05-17 10:36:54",B1873,CA8232,6949.44,753.764,3,113.4940032959,28.671159744263
1715942228,"2024-05-17 10:37:08",B1873,CA8232,6903.72,748.208,3,113.49609375,28.699359893799
1715942243,"2024-05-17 10:37:23",B1873,CA8232,6888.48,751.912,3,113.49809265137,28.727289199829
1715942258,"2024-05-17 10:37:38",B1873,CA8232,6880.86,751.912,3,113.50012969971,28.755970001221
1715942274,"2024-05-17 10:37:54",B1873,CA8232,6888.48,751.912,4,113.50212860107,28.783710479736
1715942288,"2024-05-17 10:38:08",B1873,CA8232,6888.48,750.06,3,113.50414276123,28.81233215332
1715942304,"2024-05-17 10:38:24",B1873,CA8232,6888.48,748.208,3,113.50605773926,28.840599060059
1715942318,"2024-05-17 10:38:38",B1873,CA8232,6888.48,748.208,3,113.50804901123,28.868579864502
1715942333,"2024-05-17 10:38:53",B1873,CA8232,6888.48,748.208,4,113.50998687744,28.896739959717
1715942348,"2024-05-17 10:39:08",B1873,CA8232,6888.48,748.208,3,113.51196289062,28.925029754639
1715942363,"2024-05-17 10:39:23",B1873,CA8232,6888.48,750.06,4,113.51387023926,28.952230453491
1715942378,"2024-05-17 10:39:38",B1873,CA8232,6888.48,751.912,4,113.51586151123,28.980630874634
1715942393,"2024-05-17 10:39:53",B1873,CA8232,6888.48,750.06,4,113.5178527832,29.008979797363
1715942404,"2024-05-17 10:40:04",B1873,CA8232,6888.48,748.208,4,113.51918792725,29.027980804443
1715942418,"2024-05-17 10:40:18",B1873,CA8232,6888.48,744.504,3,113.52125549316,29.055953979492
1715942433,"2024-05-17 10:40:33",B1873,CA8232,6888.48,744.504,4,113.52317810059,29.083740234375
1715942448,"2024-05-17 10:40:48",B1873,CA8232,6888.48,744.504,3,113.52516174316,29.111480712891
1715942464,"2024-05-17 10:41:04",B1873,CA8232,6888.48,746.356,3,113.52716827393,29.139589309692
1715942478,"2024-05-17 10:41:18",B1873,CA8232,6888.48,746.356,3,113.52922821045,29.167329788208
1715942493,"2024-05-17 10:41:33",B1873,CA8232,6888.48,746.356,4,113.5313873291,29.194980621338
1715942508,"2024-05-17 10:41:48",B1873,CA8232,6888.48,746.356,3,113.53356170654,29.223499298096
1715942523,"2024-05-17 10:42:03",B1873,CA8232,6888.48,746.356,3,113.53572845459,29.251968383789
1715942538,"2024-05-17 10:42:18",B1873,CA8232,6888.48,748.208,4,113.53782653809,29.279079437256
1715942553,"2024-05-17 10:42:33",B1873,CA8232,6888.48,748.208,4,113.54009246826,29.308219909668
1715942564,"2024-05-17 10:42:44",B1873,CA8232,6888.48,750.06,4,113.54176330566,29.327159881592
1715942579,"2024-05-17 10:42:59",B1873,CA8232,6888.48,750.06,4,113.54412841797,29.353792190552
1715942593,"2024-05-17 10:43:13",B1873,CA8232,6888.48,750.06,4,113.54660797119,29.381820678711
1715942608,"2024-05-17 10:43:28",B1873,CA8232,6827.52,748.208,4,113.54914093018,29.410579681396
1715942623,"2024-05-17 10:43:43",B1873,CA8232,6758.94,746.356,4,113.55156707764,29.438140869141
1715942638,"2024-05-17 10:43:58",B1873,CA8232,6690.36,744.504,4,113.55410003662,29.466779708862
1715942653,"2024-05-17 10:44:13",B1873,CA8232,6614.16,742.652,4,113.55648040771,29.494169235229
1715942668,"2024-05-17 10:44:28",B1873,CA8232,6537.96,742.652,4,113.55890655518,29.52195930481
1715942683,"2024-05-17 10:44:43",B1873,CA8232,6461.76,740.8,4,113.56130981445,29.549409866333
1715942684,"2024-05-17 10:44:44",B1873,CA8232,6446.52,740.8,4,113.56185150146,29.555690765381
1715942698,"2024-05-17 10:44:58",B1873,CA8232,6385.56,737.096,4,113.56372070312,29.577850341797
1715942713,"2024-05-17 10:45:13",B1873,CA8232,6324.6,735.244,4,113.56610107422,29.605129241943
1715942728,"2024-05-17 10:45:28",B1873,CA8232,6301.74,735.244,4,113.56842041016,29.632099151611
1715942743,"2024-05-17 10:45:43",B1873,CA8232,6240.78,735.244,4,113.57080078125,29.659969329834
1715942758,"2024-05-17 10:45:58",B1873,CA8232,6164.58,733.392,4,113.57315826416,29.687059402466
1715942759,"2024-05-17 10:45:59",B1873,CA8232,6149.34,733.392,4,113.57364654541,29.692840576172
1715942773,"2024-05-17 10:46:13",B1873,CA8232,6096,733.392,4,113.57559967041,29.714769363403
1715942784,"2024-05-17 10:46:24",B1873,CA8232,6042.66,735.244,4,113.57746887207,29.735990524292
1715942799,"2024-05-17 10:46:39",B1873,CA8232,5966.46,735.244,5,113.58003997803,29.762920379639
1715942813,"2024-05-17 10:46:53",B1873,CA8232,5882.64,735.244,20,113.58759307861,29.788820266724
1715942828,"2024-05-17 10:47:08",B1873,CA8232,5814.06,735.244,31,113.60218811035,29.812049865723
1715942843,"2024-05-17 10:47:23",B1873,CA8232,5753.1,729.688,32,113.61930847168,29.8352394104
1715942858,"2024-05-17 10:47:38",B1873,CA8232,5676.9,724.132,32,113.63629150391,29.858139038086
1715942873,"2024-05-17 10:47:53",B1873,CA8232,5600.7,722.28,33,113.65303039551,29.8805809021
1715942888,"2024-05-17 10:48:08",B1873,CA8232,5524.5,718.576,33,113.67083740234,29.904329299927
1715942903,"2024-05-17 10:48:23",B1873,CA8232,5455.92,716.724,33,113.68669128418,29.925449371338
1715942918,"2024-05-17 10:48:38",B1873,CA8232,5387.34,714.872,33,113.70403289795,29.948499679565
1715942934,"2024-05-17 10:48:54",B1873,CA8232,5311.14,714.872,33,113.7205581665,29.970430374146
1715942948,"2024-05-17 10:49:08",B1873,CA8232,5234.94,713.02,33,113.73822021484,29.99382019043
1715942963,"2024-05-17 10:49:23",B1873,CA8232,5158.74,703.76,33,113.75463867188,30.015529632568
1715942979,"2024-05-17 10:49:39",B1873,CA8232,5082.54,700.056,33,113.7725982666,30.03936958313
1715942993,"2024-05-17 10:49:53",B1873,CA8232,5013.96,700.056,33,113.78964996338,30.061889648438
1715943004,"2024-05-17 10:50:04",B1873,CA8232,4953,696.352,33,113.8028717041,30.079359054565
1715943018,"2024-05-17 10:50:18",B1873,CA8232,4892.04,694.5,33,113.81545257568,30.096019744873
1715943033,"2024-05-17 10:50:33",B1873,CA8232,4815.84,690.796,33,113.83258056641,30.118560791016
1715943048,"2024-05-17 10:50:48",B1873,CA8232,4732.02,688.944,33,113.85186767578,30.143970489502
1715943063,"2024-05-17 10:51:03",B1873,CA8232,4655.82,685.24,33,113.86795806885,30.165239334106
1715943078,"2024-05-17 10:51:18",B1873,CA8232,4594.86,679.684,33,113.88227844238,30.184200286865
1715943094,"2024-05-17 10:51:34",B1873,CA8232,4526.28,677.832,33,113.89723968506,30.203929901123
1715943108,"2024-05-17 10:51:48",B1873,CA8232,4457.7,677.832,33,113.91339111328,30.225109100342
1715943119,"2024-05-17 10:51:59",B1873,CA8232,4404.36,679.684,33,113.92456054688,30.239780426025
1715943134,"2024-05-17 10:52:14",B1873,CA8232,4320.54,679.684,33,113.94145965576,30.262069702148
1715943148,"2024-05-17 10:52:28",B1873,CA8232,4251.96,679.684,33,113.95690155029,30.282459259033
1715943163,"2024-05-17 10:52:43",B1873,CA8232,4168.14,681.536,33,113.9740524292,30.30504989624
1715943178,"2024-05-17 10:52:58",B1873,CA8232,4091.94,683.388,33,113.98999023438,30.325880050659
1715943193,"2024-05-17 10:53:13",B1873,CA8232,4015.74,683.388,33,114.00672149658,30.347780227661
1715943208,"2024-05-17 10:53:28",B1873,CA8232,3947.16,681.536,33,114.02214050293,30.368089675903
1715943228,"2024-05-17 10:53:48",B1873,CA8232,3832.86,675.98,33,114.04653930664,30.400039672852
1715943243,"2024-05-17 10:54:03",B1873,CA8232,3771.9,672.276,33,114.05950927734,30.41708946228
1715943258,"2024-05-17 10:54:18",B1873,CA8232,3703.32,666.72,33,114.07570648193,30.438230514526
1715943270,"2024-05-17 10:54:30",B1873,CA8232,3649.98,661.164,33,114.08795928955,30.454290390015
1715943322,"2024-05-17 10:55:22",B1873,CA8232,3596.64,637.088,33,114.14402008057,30.527439117432
1715943337,"2024-05-17 10:55:37",B1873,CA8232,3604.26,625.976,33,114.15799713135,30.545719146729
1715943352,"2024-05-17 10:55:52",B1873,CA8232,3596.64,622.272,33,114.17272186279,30.564989089966
1715943366,"2024-05-17 10:56:06",B1873,CA8232,3489.96,609.308,33,114.18962860107,30.587129592896
1715943381,"2024-05-17 10:56:21",B1873,CA8232,3398.52,607.456,33,114.20260620117,30.603969573975
1715943397,"2024-05-17 10:56:37",B1873,CA8232,3299.46,598.196,35,114.21661376953,30.621919631958
1715943411,"2024-05-17 10:56:51",B1873,CA8232,3238.5,579.676,41,114.23346710205,30.639589309692
1715943427,"2024-05-17 10:57:07",B1873,CA8232,3200.4,557.452,41,114.24839019775,30.654050827026
1715943441,"2024-05-17 10:57:21",B1873,CA8232,3154.68,537.08,41,114.26445770264,30.669780731201
1715943456,"2024-05-17 10:57:36",B1873,CA8232,3108.96,516.708,41,114.28074645996,30.685819625854
1715943472,"2024-05-17 10:57:52",B1873,CA8232,3032.76,507.448,41,114.29521942139,30.699989318848
1715943485,"2024-05-17 10:58:05",B1873,CA8232,2956.56,507.448,41,114.30773925781,30.712230682373
1715943501,"2024-05-17 10:58:21",B1873,CA8232,2834.64,507.448,41,114.32465362549,30.728759765625
1715943516,"2024-05-17 10:58:36",B1873,CA8232,2750.82,505.596,41,114.33653259277,30.740350723267
1715943531,"2024-05-17 10:58:51",B1873,CA8232,2644.14,503.744,41,114.35233306885,30.755769729614
1715943546,"2024-05-17 10:59:06",B1873,CA8232,2552.7,505.596,41,114.36701965332,30.769960403442
1715943557,"2024-05-17 10:59:17",B1873,CA8232,2476.5,507.448,41,114.37769317627,30.780349731445
1715943572,"2024-05-17 10:59:32",B1873,CA8232,2415.54,501.892,42,114.39234161377,30.794399261475
1715943592,"2024-05-17 10:59:52",B1873,CA8232,2346.96,479.668,42,114.41200256348,30.813129425049
1715943616,"2024-05-17 11:00:16",B1873,CA8232,2263.14,461.148,41,114.43515777588,30.835420608521
1715943633,"2024-05-17 11:00:33",B1873,CA8232,2217.42,435.22,41,114.44727325439,30.847270965576
1715943656,"2024-05-17 11:00:56",B1873,CA8232,2125.98,418.552,41,114.46961975098,30.869289398193
1715943671,"2024-05-17 11:01:11",B1873,CA8232,2065.02,418.552,40,114.47792053223,30.877590179443
1715943686,"2024-05-17 11:01:26",B1873,CA8232,1973.58,418.552,40,114.49133300781,30.891090393066
1715943703,"2024-05-17 11:01:43",B1873,CA8232,1897.38,418.552,40,114.50183105469,30.901609420776
1715943716,"2024-05-17 11:01:56",B1873,CA8232,1798.32,420.404,40,114.51560974121,30.915529251099
1715943731,"2024-05-17 11:02:11",B1873,CA8232,1714.5,420.404,40,114.52768707275,30.927820205688
1715943742,"2024-05-17 11:02:22",B1873,CA8232,1645.92,422.256,39,114.53687286377,30.93736076355
1715943757,"2024-05-17 11:02:37",B1873,CA8232,1569.72,418.552,14,114.54319000244,30.94972038269
1715943771,"2024-05-17 11:02:51",B1873,CA8232,1501.14,407.44,347,114.54225158691,30.963899612427
1715943787,"2024-05-17 11:03:07",B1873,CA8232,1424.94,396.328,318,114.5333480835,30.975719451904
1715943801,"2024-05-17 11:03:21",B1873,CA8232,1318.26,394.476,310,114.51663970947,30.987850189209
1715943821,"2024-05-17 11:03:41",B1873,CA8232,1257.3,387.068,308,114.50215148926,30.997510910034
1715943836,"2024-05-17 11:03:56",B1873,CA8232,1249.68,385.216,299,114.48825073242,31.005750656128
1715943851,"2024-05-17 11:04:11",B1873,CA8232,1249.68,375.956,267,114.47264099121,31.00777053833
1715943866,"2024-05-17 11:04:26",B1873,CA8232,1249.68,366.696,250,114.45709991455,31.00345993042
1715943882,"2024-05-17 11:04:42",B1873,CA8232,1249.68,366.696,247,114.43979644775,30.997129440308
1715943896,"2024-05-17 11:04:56",B1873,CA8232,1249.68,366.696,246,114.42590332031,30.990850448608
1715943912,"2024-05-17 11:05:12",B1873,CA8232,1249.68,362.992,229,114.41549682617,30.983869552612
1715943927,"2024-05-17 11:05:27",B1873,CA8232,1249.68,362.992,224,114.4019317627,30.972339630127
1715943941,"2024-05-17 11:05:41",B1873,CA8232,1249.68,362.992,223,114.39337921143,30.96441078186
1715943971,"2024-05-17 11:06:11",B1873,CA8232,1196.34,340.768,222,114.37161254883,30.94322013855
1715944000,"2024-05-17 11:06:40",B1873,CA8232,1082.04,312.988,222,114.35279083252,30.924980163574
1715944016,"2024-05-17 11:06:56",B1873,CA8232,990.6,312.988,222,114.34365844727,30.916080474854
1715944068,"2024-05-17 11:07:48",B1873,CA8232,762,296.32,222,114.31192016602,30.885080337524
1715944080,"2024-05-17 11:08:00",B1873,CA8232,723.9,283.356,222,114.30554962158,30.878889083862
