Time,"UTC TIME",Anum,Fnum,Height,Speed,Angle,Longitude,Latitude
1720310478,"2024-07-07 00:01:18",B7302,GJ3888,0,10.6,78.8,121.80844116211,31.138395309448
1720310482,"2024-07-07 00:01:22",B7302,GJ3888,0,15.3,75.9,121.80874633789,31.138492584229
1720310487,"2024-07-07 00:01:27",B7302,GJ3888,0,16.2,67.5,121.80885314941,31.138559341431
1720310497,"2024-07-07 00:01:37",B7302,GJ3888,0,16.2,14.1,121.80899047852,31.138990402222
1720310506,"2024-07-07 00:01:46",B7302,GJ3888,0,18.1,357.2,121.80892181396,31.139211654663
1720310515,"2024-07-07 00:01:55",B7302,GJ3888,0,21.8,345.9,121.80867767334,31.139797210693
1720310525,"2024-07-07 00:02:05",B7302,GJ3888,0,25.5,348.8,121.80843353271,31.140426635742
1720310534,"2024-07-07 00:02:14",B7302,GJ3888,0,27.3,348.8,121.80828857422,31.140804290771
1720310538,"2024-07-07 00:02:18",B7302,GJ3888,0,28.7,348.8,121.80814361572,31.141204833984
1720310547,"2024-07-07 00:02:27",B7302,GJ3888,0,30.6,348.8,121.80790710449,31.141817092896
1720310556,"2024-07-07 00:02:36",B7302,GJ3888,0,25.5,348.8,121.80772399902,31.142307281494
1720310563,"2024-07-07 00:02:43",B7302,GJ3888,0,22.7,348.8,121.80758666992,31.142656326294
1720310566,"2024-07-07 00:02:46",B7302,GJ3888,0,19,345.9,121.80746459961,31.142967224121
1720310574,"2024-07-07 00:02:54",B7302,GJ3888,0,16.2,317.8,121.80724334717,31.14312171936
1720310578,"2024-07-07 00:02:58",B7302,GJ3888,0,17.1,295.3,121.8070602417,31.143138885498
1720310583,"2024-07-07 00:03:03",B7302,GJ3888,0,17.1,267.2,121.8067779541,31.143075942993
1720310591,"2024-07-07 00:03:11",B7302,GJ3888,0,18.1,258.8,121.80645751953,31.142978668213
1720310595,"2024-07-07 00:03:15",B7302,GJ3888,0,19.9,255.9,121.80612182617,31.142887115479
1720310603,"2024-07-07 00:03:23",B7302,GJ3888,0,19.9,255.9,121.805809021,31.142795562744
1720310607,"2024-07-07 00:03:27",B7302,GJ3888,0,21.8,255.9,121.80543518066,31.142690658569
1720310615,"2024-07-07 00:03:35",B7302,GJ3888,0,24.5,258.8,121.80503845215,31.142574310303
1720310619,"2024-07-07 00:03:39",B7302,GJ3888,0,26.4,258.8,121.80462646484,31.142457962036
1720310627,"2024-07-07 00:03:47",B7302,GJ3888,0,28.7,258.8,121.80414581299,31.142330169678
1720310631,"2024-07-07 00:03:51",B7302,GJ3888,0,30.6,258.8,121.80363464355,31.142190933228
1720310639,"2024-07-07 00:03:59",B7302,GJ3888,0,32.4,258.8,121.80311584473,31.142040252686
1720310643,"2024-07-07 00:04:03",B7302,GJ3888,0,34.3,258.8,121.80253601074,31.141876220703
1720310652,"2024-07-07 00:04:12",B7302,GJ3888,0,36.1,258.8,121.80193328857,31.141708374023
1720310657,"2024-07-07 00:04:17",B7302,GJ3888,0,38,258.8,121.80128479004,31.141536712646
1720310662,"2024-07-07 00:04:22",B7302,GJ3888,0,41.7,258.8,121.80065155029,31.141363143921
1720310669,"2024-07-07 00:04:29",B7302,GJ3888,0,41.7,258.8,121.79998016357,31.141166687012
1720310673,"2024-07-07 00:04:33",B7302,GJ3888,0,38,258.8,121.79950714111,31.141033172607
1720310681,"2024-07-07 00:04:41",B7302,GJ3888,0,34.3,258.8,121.79888153076,31.140863418579
1720310687,"2024-07-07 00:04:47",B7302,GJ3888,0,30.6,258.8,121.79832458496,31.140701293945
1720310692,"2024-07-07 00:04:52",B7302,GJ3888,0,28.7,258.8,121.79783630371,31.140575408936
1720310700,"2024-07-07 00:05:00",B7302,GJ3888,0,22.7,264.4,121.79707336426,31.140432357788
1720310718,"2024-07-07 00:05:18",B7302,GJ3888,0,17.1,284.1,121.79621124268,31.140392303467
1720310728,"2024-07-07 00:05:28",B7302,GJ3888,0,19.9,334.7,121.79591369629,31.140747070312
1720310731,"2024-07-07 00:05:31",B7302,GJ3888,0,21.8,345.9,121.79580688477,31.141056060791
1720310740,"2024-07-07 00:05:40",B7302,GJ3888,0,23.6,348.8,121.79566955566,31.141422271729
1720310744,"2024-07-07 00:05:44",B7302,GJ3888,0,25.5,348.8,121.79553985596,31.141788482666
1720310752,"2024-07-07 00:05:52",B7302,GJ3888,0,29.632,348,121.79539489746,31.142179489136
1720310757,"2024-07-07 00:05:57",B7302,GJ3888,0,31.484,348,121.79522705078,31.142608642578
1720310762,"2024-07-07 00:06:02",B7302,GJ3888,0,32.4,348.8,121.7950668335,31.143047332764
1720310772,"2024-07-07 00:06:12",B7302,GJ3888,0,34.3,345.9,121.79487609863,31.143552780151
1720310777,"2024-07-07 00:06:17",B7302,GJ3888,0,36.1,348.8,121.79467773438,31.14404296875
1720310781,"2024-07-07 00:06:21",B7302,GJ3888,0,38,348.8,121.79446411133,31.144603729248
1720310790,"2024-07-07 00:06:30",B7302,GJ3888,0,40.744,348,121.79425811768,31.145170211792
1720310795,"2024-07-07 00:06:35",B7302,GJ3888,0,41.7,348.8,121.79402923584,31.14575958252
1720310799,"2024-07-07 00:06:39",B7302,GJ3888,0,43.5,348.8,121.79378509521,31.146392822266
1720310808,"2024-07-07 00:06:48",B7302,GJ3888,0,45.4,348.8,121.79354858398,31.147041320801
1720310813,"2024-07-07 00:06:53",B7302,GJ3888,0,47.2,348.8,121.79327392578,31.1477394104
1720310817,"2024-07-07 00:06:57",B7302,GJ3888,0,50.004,348,121.79300689697,31.14845085144
1720310825,"2024-07-07 00:07:05",B7302,GJ3888,0,45.4,348.8,121.79276275635,31.149112701416
1720310829,"2024-07-07 00:07:09",B7302,GJ3888,0,39.8,348.8,121.79254150391,31.149719238281
1720310837,"2024-07-07 00:07:17",B7302,GJ3888,0,34.3,348.8,121.79233551025,31.150243759155
1720310841,"2024-07-07 00:07:21",B7302,GJ3888,0,30.6,348.8,121.79216003418,31.150737762451
1720310850,"2024-07-07 00:07:30",B7302,GJ3888,0,31.484,348,121.7919921875,31.151163101196
1720310854,"2024-07-07 00:07:34",B7302,GJ3888,0,32.4,348.8,121.79180908203,31.151639938354
1720310859,"2024-07-07 00:07:39",B7302,GJ3888,0,32.4,348.8,121.79163360596,31.152093887329
1720310867,"2024-07-07 00:07:47",B7302,GJ3888,0,26.4,348.8,121.79148864746,31.152523040771
1720310872,"2024-07-07 00:07:52",B7302,GJ3888,0,18.1,348.8,121.79136657715,31.152843475342
1720310880,"2024-07-07 00:08:00",B7302,GJ3888,0,6,348.8,121.7912979126,31.152992248535
1720310884,"2024-07-07 00:08:04",B7302,GJ3888,0,0.6,348.8,121.7912979126,31.153015136719
1720310889,"2024-07-07 00:08:09",B7302,GJ3888,0,0,348.8,121.7912902832,31.15301322937
1720310898,"2024-07-07 00:08:18",B7302,GJ3888,0,0,348.8,121.79128265381,31.153015136719
1720310903,"2024-07-07 00:08:23",B7302,GJ3888,0,0,348.8,121.7912902832,31.153024673462
1720310910,"2024-07-07 00:08:30",B7302,GJ3888,0,1.2,348.8,121.79128265381,31.153026580811
1720310915,"2024-07-07 00:08:35",B7302,GJ3888,0,3,348.8,121.79127502441,31.153060913086
1720310924,"2024-07-07 00:08:44",B7302,GJ3888,0,6,348.8,121.79124450684,31.153141021729
1720310928,"2024-07-07 00:08:48",B7302,GJ3888,0,7.9,348.8,121.79119873047,31.153255462646
1720310937,"2024-07-07 00:08:57",B7302,GJ3888,0,10.6,348.8,121.79114532471,31.153392791748
1720310941,"2024-07-07 00:09:01",B7302,GJ3888,0,12.5,348.8,121.79108428955,31.153560638428
1720310950,"2024-07-07 00:09:10",B7302,GJ3888,0,14.4,348.8,121.791015625,31.153759002686
1720310953,"2024-07-07 00:09:13",B7302,GJ3888,0,15.3,348.8,121.79093170166,31.153980255127
1720310958,"2024-07-07 00:09:18",B7302,GJ3888,0,17.1,348.8,121.79083251953,31.15421295166
1720310962,"2024-07-07 00:09:22",B7302,GJ3888,0,19,348.8,121.79076385498,31.154399871826
1720310971,"2024-07-07 00:09:31",B7302,GJ3888,0,20.8,348.8,121.79065704346,31.154666900635
1720310976,"2024-07-07 00:09:36",B7302,GJ3888,0,20.8,348.8,121.79055786133,31.154972076416
1720310981,"2024-07-07 00:09:41",B7302,GJ3888,0,19.9,348.8,121.79042053223,31.155294418335
1720310989,"2024-07-07 00:09:49",B7302,GJ3888,0,19,348.8,121.7903137207,31.155586242676
1720310994,"2024-07-07 00:09:54",B7302,GJ3888,0,15.3,348.8,121.79020690918,31.155899047852
1720311003,"2024-07-07 00:10:03",B7302,GJ3888,0,10.6,348.8,121.79013824463,31.156074523926
1720311007,"2024-07-07 00:10:07",B7302,GJ3888,0,2.1,348.8,121.79010772705,31.156156539917
1720311015,"2024-07-07 00:10:15",B7302,GJ3888,0,0.1,348.8,121.79009246826,31.15616607666
1720311019,"2024-07-07 00:10:19",B7302,GJ3888,0,0,348.8,121.79009246826,31.15616607666
1720311026,"2024-07-07 00:10:26",B7302,GJ3888,0,0.1,348.8,121.79009246826,31.15616607666
1720311033,"2024-07-07 00:10:33",B7302,GJ3888,0,0.1,348.8,121.79009246826,31.15616607666
1720311037,"2024-07-07 00:10:37",B7302,GJ3888,0,0,348.8,121.79009246826,31.15616607666
1720311047,"2024-07-07 00:10:47",B7302,GJ3888,0,0,348.8,121.79010009766,31.156162261963
1720311061,"2024-07-07 00:11:01",B7302,GJ3888,0,0.1,348.8,121.79010009766,31.156162261963
1720311075,"2024-07-07 00:11:15",B7302,GJ3888,0,5.1,348.8,121.79006958008,31.156253814697
1720311084,"2024-07-07 00:11:24",B7302,GJ3888,0,7.9,348.8,121.79002380371,31.156354904175
1720311097,"2024-07-07 00:11:37",B7302,GJ3888,0,13.4,348.8,121.78987121582,31.156761169434
1720311106,"2024-07-07 00:11:46",B7302,GJ3888,0,16.2,348.8,121.78980255127,31.15697479248
1720311115,"2024-07-07 00:11:55",B7302,GJ3888,0,10.6,348.8,121.78965759277,31.157331466675
1720311123,"2024-07-07 00:12:03",B7302,GJ3888,0,3.5,348.8,121.78961181641,31.157459259033
1720311128,"2024-07-07 00:12:08",B7302,GJ3888,0,0.1,348.8,121.78959655762,31.15747833252
1720311136,"2024-07-07 00:12:16",B7302,GJ3888,0,0.1,348.8,121.78959655762,31.15747833252
1720311141,"2024-07-07 00:12:21",B7302,GJ3888,0,0,348,121.78959655762,31.157482147217
1720311146,"2024-07-07 00:12:26",B7302,GJ3888,0,0.1,348.8,121.78959655762,31.157482147217
1720311151,"2024-07-07 00:12:31",B7302,GJ3888,0,0,348,121.78959655762,31.15747833252
1720311158,"2024-07-07 00:12:38",B7302,GJ3888,0,0.1,348.8,121.78959655762,31.157482147217
1720311172,"2024-07-07 00:12:52",B7302,GJ3888,0,0,348.8,121.78959655762,31.157482147217
1720311182,"2024-07-07 00:13:02",B7302,GJ3888,0,0,348,121.78959655762,31.157482147217
1720311190,"2024-07-07 00:13:10",B7302,GJ3888,0,0.1,348.8,121.78959655762,31.157482147217
1720311201,"2024-07-07 00:13:21",B7302,GJ3888,0,2.5,348.8,121.78959655762,31.157506942749
1720311206,"2024-07-07 00:13:26",B7302,GJ3888,0,5.5559998,348,121.78957366943,31.1575756073
1720311211,"2024-07-07 00:13:31",B7302,GJ3888,0,9.26,348,121.78952789307,31.157680511475
1720311219,"2024-07-07 00:13:39",B7302,GJ3888,0,9.7,348.8,121.78948974609,31.157775878906
1720311223,"2024-07-07 00:13:43",B7302,GJ3888,0,12.5,348.8,121.78940582275,31.157983779907
1720311229,"2024-07-07 00:13:49",B7302,GJ3888,0,12.5,348.8,121.78932952881,31.158187866211
1720311238,"2024-07-07 00:13:58",B7302,GJ3888,0,6,348.8,121.78929138184,31.158313751221
1720311241,"2024-07-07 00:14:01",B7302,GJ3888,0,0,348,121.78926849365,31.158355712891
1720311249,"2024-07-07 00:14:09",B7302,GJ3888,0,0.1,348.8,121.78926849365,31.158355712891
1720311255,"2024-07-07 00:14:15",B7302,GJ3888,0,0.1,348.8,121.78926849365,31.158355712891
1720311264,"2024-07-07 00:14:24",B7302,GJ3888,0,0,348.8,121.78927612305,31.158359527588
1720311269,"2024-07-07 00:14:29",B7302,GJ3888,0,0,348.8,121.78926849365,31.158355712891
1720311287,"2024-07-07 00:14:47",B7302,GJ3888,0,0.4,348.8,121.78926849365,31.158355712891
1720311293,"2024-07-07 00:14:53",B7302,GJ3888,0,2.5,348.8,121.78926086426,31.158382415771
1720311302,"2024-07-07 00:15:02",B7302,GJ3888,0,5.1,348.8,121.78924560547,31.158449172974
1720311306,"2024-07-07 00:15:06",B7302,GJ3888,0,9.26,348,121.7891998291,31.158542633057
1720311311,"2024-07-07 00:15:11",B7302,GJ3888,0,9.7,348.8,121.78916168213,31.158670425415
1720311320,"2024-07-07 00:15:20",B7302,GJ3888,0,11.6,348.8,121.78908538818,31.158828735352
1720311324,"2024-07-07 00:15:24",B7302,GJ3888,0,10.6,348.8,121.78903961182,31.158983230591
1720311332,"2024-07-07 00:15:32",B7302,GJ3888,0,10.6,348.8,121.78896331787,31.159160614014
1720311337,"2024-07-07 00:15:37",B7302,GJ3888,0,7.9,348.8,121.7889175415,31.159297943115
1720311341,"2024-07-07 00:15:41",B7302,GJ3888,0,3,348.8,121.78888702393,31.159368515015
1720311350,"2024-07-07 00:15:50",B7302,GJ3888,0,0,348,121.78888702393,31.15938949585
1720311355,"2024-07-07 00:15:55",B7302,GJ3888,0,0.1,348.8,121.78888702393,31.15938949585
1720311360,"2024-07-07 00:16:00",B7302,GJ3888,0,0.1,348.8,121.78888702393,31.159379959106
1720311370,"2024-07-07 00:16:10",B7302,GJ3888,0,0,348.8,121.78888702393,31.159379959106
1720311380,"2024-07-07 00:16:20",B7302,GJ3888,0,0,348.8,121.78888702393,31.159379959106
1720311391,"2024-07-07 00:16:31",B7302,GJ3888,0,0.1,348.8,121.78888702393,31.159379959106
1720311392,"2024-07-07 00:16:32",B7302,GJ3888,0,0,348.8,121.78888702393,31.159379959106
1720311404,"2024-07-07 00:16:44",B7302,GJ3888,0,0,348.8,121.78888702393,31.159379959106
1720311416,"2024-07-07 00:16:56",B7302,GJ3888,0,0,348,121.78888702393,31.159379959106
1720311426,"2024-07-07 00:17:06",B7302,GJ3888,0,0.1,348.8,121.78888702393,31.159379959106
1720311432,"2024-07-07 00:17:12",B7302,GJ3888,0,0.1,348.8,121.78888702393,31.15938949585
1720311447,"2024-07-07 00:17:27",B7302,GJ3888,0,0.1,348.8,121.78888702393,31.15938949585
1720311461,"2024-07-07 00:17:41",B7302,GJ3888,0,0,348.8,121.78888702393,31.15938949585
1720311471,"2024-07-07 00:17:51",B7302,GJ3888,0,4.2,348.8,121.78887176514,31.159446716309
1720311480,"2024-07-07 00:18:00",B7302,GJ3888,0,6.9,348.8,121.78883361816,31.159526824951
1720311484,"2024-07-07 00:18:04",B7302,GJ3888,0,11.112,348,121.78879547119,31.159618377686
1720311493,"2024-07-07 00:18:13",B7302,GJ3888,0,12.964,348,121.78873443604,31.159786224365
1720311498,"2024-07-07 00:18:18",B7302,GJ3888,0,14.816,348,121.7886428833,31.160007476807
1720311503,"2024-07-07 00:18:23",B7302,GJ3888,0,14.4,348.8,121.78856658936,31.160217285156
1720311510,"2024-07-07 00:18:30",B7302,GJ3888,0,11.112,348,121.78851318359,31.160369873047
1720311517,"2024-07-07 00:18:37",B7302,GJ3888,0,6.9,348.8,121.78846740723,31.160499572754
1720311521,"2024-07-07 00:18:41",B7302,GJ3888,0,9.7,348.8,121.78841400146,31.160614013672
1720311529,"2024-07-07 00:18:49",B7302,GJ3888,0,8.8,348.8,121.7883605957,31.160751342773
1720311534,"2024-07-07 00:18:54",B7302,GJ3888,0,3.5,348.8,121.78833770752,31.160833358765
1720311542,"2024-07-07 00:19:02",B7302,GJ3888,0,6.9,348.8,121.78829193115,31.160938262939
1720311547,"2024-07-07 00:19:07",B7302,GJ3888,0,8.8,348.8,121.78826904297,31.161008834839
1720311551,"2024-07-07 00:19:11",B7302,GJ3888,0,10.6,345.9,121.78821563721,31.161151885986
1720311559,"2024-07-07 00:19:19",B7302,GJ3888,0,12.5,345.9,121.78814697266,31.16130065918
1720311564,"2024-07-07 00:19:24",B7302,GJ3888,0,13.4,334.7,121.78800964355,31.16149520874
1720311572,"2024-07-07 00:19:32",B7302,GJ3888,0,12.964,312,121.78779602051,31.161598205566
1720311575,"2024-07-07 00:19:35",B7302,GJ3888,0,10.6,286.9,121.78762054443,31.161586761475
1720311584,"2024-07-07 00:19:44",B7302,GJ3888,0,9.26,264,121.78741455078,31.161533355713
1720311651,"2024-07-07 00:20:51",B7302,GJ3888,0,1.7,255.9,121.78726196289,31.161462783813
1720311660,"2024-07-07 00:21:00",B7302,GJ3888,0,7.9,255.9,121.78715515137,31.161428451538
1720311671,"2024-07-07 00:21:11",B7302,GJ3888,0,19,255.9,121.78670501709,31.161287307739
1720311690,"2024-07-07 00:21:30",B7302,GJ3888,0,11.6,208.1,121.78608703613,31.160842895508
1720311709,"2024-07-07 00:21:49",B7302,GJ3888,0,2.1,168.8,121.78624725342,31.160484313965
1720311720,"2024-07-07 00:22:00",B7302,GJ3888,0,1.7,168.8,121.78626251221,31.160465240479
1720311732,"2024-07-07 00:22:12",B7302,GJ3888,0,35.188,165,121.78643798828,31.160007476807
1720311746,"2024-07-07 00:22:26",B7302,GJ3888,0,146.3,168.8,121.78770446777,31.156642913818
1720311757,"2024-07-07 00:22:37",B7302,GJ3888,60,224.3,161.7,121.78981781006,31.151035308838
1720311771,"2024-07-07 00:22:51",B7302,GJ3888,60,294,162,121.79273223877,31.143354415894
1720311782,"2024-07-07 00:23:02",B7302,GJ3888,83,326.2,161.5,121.79563903809,31.135719299316
1720311797,"2024-07-07 00:23:17",B7302,GJ3888,220,329.7,161.7,121.80040740967,31.123489379883
1720311811,"2024-07-07 00:23:31",B7302,GJ3888,403.86,331.508,165,121.80499267578,31.10924911499
1720311826,"2024-07-07 00:23:46",B7302,GJ3888,548,338.2,165.7,121.80860900879,31.097314834595
1720311841,"2024-07-07 00:24:01",B7302,GJ3888,632,342.7,165.3,121.81085968018,31.089864730835
1720311856,"2024-07-07 00:24:16",B7302,GJ3888,800.1,348.176,164,121.81527709961,31.075519561768
1720311867,"2024-07-07 00:24:27",B7302,GJ3888,906.78,350.028,164,121.81788635254,31.067470550537
1720311881,"2024-07-07 00:24:41",B7302,GJ3888,1059,358,163.2,121.82206726074,31.054857254028
1720311901,"2024-07-07 00:25:01",B7302,GJ3888,1158,404.8,163,121.8286819458,31.036285400391
1720311916,"2024-07-07 00:25:16",B7302,GJ3888,1226.82,433.368,183,121.83145904541,31.020780563354
1720311931,"2024-07-07 00:25:31",B7302,GJ3888,1295,457.5,204.4,121.82684326172,31.005233764648
1720311946,"2024-07-07 00:25:46",B7302,GJ3888,1417,474.9,228.5,121.81494903564,30.991516113281
1720311961,"2024-07-07 00:26:01",B7302,GJ3888,1569.72,485.224,253,121.79599761963,30.98258972168
1720311976,"2024-07-07 00:26:16",B7302,GJ3888,1783,485.5,251.8,121.77558898926,30.977348327637
1720311991,"2024-07-07 00:26:31",B7302,GJ3888,1988.82,488.928,252,121.7548828125,30.971439361572
1720312006,"2024-07-07 00:26:46",B7302,GJ3888,2202,492,254.5,121.73416900635,30.965698242188
1720312021,"2024-07-07 00:27:01",B7302,GJ3888,2385.06,500.04,271,121.71332550049,30.963592529297
1720312036,"2024-07-07 00:27:16",B7302,GJ3888,2575.56,511.152,284,121.69171142578,30.966320037842
1720312051,"2024-07-07 00:27:31",B7302,GJ3888,2697,515.1,282,121.67029571533,30.970458984375
1720312066,"2024-07-07 00:27:46",B7302,GJ3888,2811.78,520.412,283,121.64749145508,30.974649429321
1720312081,"2024-07-07 00:28:01",B7302,GJ3888,2994,527.1,282.4,121.6252746582,30.978790283203
1720312097,"2024-07-07 00:28:17",B7302,GJ3888,3154.68,537.08,282,121.60238647461,30.983001708984
1720312111,"2024-07-07 00:28:31",B7302,GJ3888,3215,565.9,281.9,121.58100891113,30.986892700195
1720312125,"2024-07-07 00:28:45",B7302,GJ3888,3284.22,596.344,282,121.55413818359,30.991790771484
1720312139,"2024-07-07 00:28:59",B7302,GJ3888,3352,624.8,282,121.53004455566,30.996248245239
1720312150,"2024-07-07 00:29:10",B7302,GJ3888,3406.14,640.792,282,121.50846099854,31.000158309937
1720312164,"2024-07-07 00:29:24",B7302,GJ3888,3474.72,664.868,282,121.4808807373,31.005090713501
1720312179,"2024-07-07 00:29:39",B7302,GJ3888,3611.88,674.128,283,121.45182037354,31.010450363159
1720312194,"2024-07-07 00:29:54",B7302,GJ3888,3764.28,679.684,283,121.42266082764,31.015989303589
1720312209,"2024-07-07 00:30:09",B7302,GJ3888,3901.44,688.944,283,121.39208984375,31.021730422974
1720312224,"2024-07-07 00:30:24",B7302,GJ3888,4031,696.7,282,121.36349487305,31.027067184448
1720312239,"2024-07-07 00:30:39",B7302,GJ3888,4145,704.3,282,121.33597564697,31.032047271729
1720312254,"2024-07-07 00:30:54",B7302,GJ3888,4282.44,713.02,282,121.30164337158,31.038330078125
1720312269,"2024-07-07 00:31:09",B7302,GJ3888,4389,721.4,282,121.27365875244,31.043472290039
1720312285,"2024-07-07 00:31:25",B7302,GJ3888,4533.9,725.984,282,121.24108123779,31.049423217773
1720312299,"2024-07-07 00:31:39",B7302,GJ3888,4655,730.4,281.9,121.21118927002,31.054824829102
1720312314,"2024-07-07 00:31:54",B7302,GJ3888,4800.6,733.392,282,121.17823028564,31.060779571533
1720312329,"2024-07-07 00:32:09",B7302,GJ3888,4930.14,737.096,275,121.14613342285,31.065170288086
1720312344,"2024-07-07 00:32:24",B7302,GJ3888,5059.68,733.392,265,121.11389160156,31.064729690552
1720312359,"2024-07-07 00:32:39",B7302,GJ3888,5189.22,735.244,255,121.08258056641,31.059680938721
1720312374,"2024-07-07 00:32:54",B7302,GJ3888,5311,739.8,254,121.05351257324,31.05234336853
1720312390,"2024-07-07 00:33:10",B7302,GJ3888,5448.3,744.504,254,121.02054595947,31.044250488281
1720312404,"2024-07-07 00:33:24",B7302,GJ3888,5570.22,733.392,254,120.98903656006,31.036514282227
1720312418,"2024-07-07 00:33:38",B7302,GJ3888,5646.42,707.464,254,120.96754455566,31.031209945679
1720312433,"2024-07-07 00:33:53",B7302,GJ3888,5760.72,685.24,255,120.93824768066,31.024019241333
1720312449,"2024-07-07 00:34:09",B7302,GJ3888,5867.4,681.536,254,120.91020202637,31.017059326172
1720312463,"2024-07-07 00:34:23",B7302,GJ3888,5966.46,685.24,254,120.88119506836,31.009841918945
1720312478,"2024-07-07 00:34:38",B7302,GJ3888,6004.56,687.092,254,120.85456085205,31.003143310547
1720312493,"2024-07-07 00:34:53",B7302,GJ3888,6004.56,688.944,254,120.82376098633,30.995410919189
1720312508,"2024-07-07 00:35:08",B7302,GJ3888,6012,694.5,253.7,120.7947845459,30.988174438477
1720312523,"2024-07-07 00:35:23",B7302,GJ3888,6111.24,703.76,254,120.76561737061,30.980890274048
1720312538,"2024-07-07 00:35:38",B7302,GJ3888,6240.78,707.464,254,120.73490905762,30.973159790039
1720312552,"2024-07-07 00:35:52",B7302,GJ3888,6370.32,714.872,254,120.70452880859,30.965520858765
1720312567,"2024-07-07 00:36:07",B7302,GJ3888,6461.76,718.576,255,120.67987060547,30.95943069458
1720312582,"2024-07-07 00:36:22",B7302,GJ3888,6568.44,727.836,254,120.64771270752,30.951459884644
1720312597,"2024-07-07 00:36:37",B7302,GJ3888,6667.5,735.244,254,120.61711883545,30.943729400635
1720312612,"2024-07-07 00:36:52",B7302,GJ3888,6766.56,742.652,254,120.5859375,30.935920715332
1720312623,"2024-07-07 00:37:03",B7302,GJ3888,6835.14,748.208,254,120.564453125,30.930589675903
1720312637,"2024-07-07 00:37:17",B7302,GJ3888,6949.44,750.06,254,120.53369903564,30.922979354858
1720312652,"2024-07-07 00:37:32",B7302,GJ3888,7063.74,755.616,254,120.49981689453,30.914520263672
1720312667,"2024-07-07 00:37:47",B7302,GJ3888,7162.8,759.32,249,120.46826934814,30.906009674072
1720312683,"2024-07-07 00:38:03",B7302,GJ3888,7193.28,763.024,236,120.43768310547,30.891929626465
1720312701,"2024-07-07 00:38:21",B7302,GJ3888,7193.28,781.544,222,120.40869903564,30.869890213013
1720312716,"2024-07-07 00:38:36",B7302,GJ3888,7193.28,796.36,215,120.38802337646,30.846220016479
1720312727,"2024-07-07 00:38:47",B7302,GJ3888,7193.28,801.916,216,120.37487792969,30.830150604248
1720312741,"2024-07-07 00:39:01",B7302,GJ3888,7185.66,800.064,216,120.35484313965,30.805759429932
1720312755,"2024-07-07 00:39:15",B7302,GJ3888,7185.66,801.916,216,120.33480834961,30.781309127808
1720312772,"2024-07-07 00:39:32",B7302,GJ3888,7185.66,801.916,216,120.31036376953,30.751459121704
1720312786,"2024-07-07 00:39:46",B7302,GJ3888,7185.66,800.064,216,120.29048919678,30.727199554443
1720312802,"2024-07-07 00:40:02",B7302,GJ3888,7185.66,801.916,216,120.27008056641,30.702299118042
1720312816,"2024-07-07 00:40:16",B7302,GJ3888,7193.28,803.768,215,120.24948120117,30.677179336548
1720312831,"2024-07-07 00:40:31",B7302,GJ3888,7193.28,803.768,216,120.22914886475,30.652400970459
1720312846,"2024-07-07 00:40:46",B7302,GJ3888,7292.34,807.472,216,120.2095489502,30.628530502319
1720312861,"2024-07-07 00:41:01",B7302,GJ3888,7368.54,814.88,216,120.18853759766,30.602830886841
1720312876,"2024-07-07 00:41:16",B7302,GJ3888,7444.74,822.288,216,120.16877746582,30.578750610352
1720312891,"2024-07-07 00:41:31",B7302,GJ3888,7528.56,825.992,216,120.14778137207,30.553119659424
1720312906,"2024-07-07 00:41:46",B7302,GJ3888,7620,833.4,216,120.12699127197,30.527620315552
1720312922,"2024-07-07 00:42:02",B7302,GJ3888,7673.34,844.512,216,120.10523223877,30.501029968262
1720312936,"2024-07-07 00:42:16",B7302,GJ3888,7711.44,855.624,216,120.08374023438,30.474750518799
1720312949,"2024-07-07 00:42:29",B7302,GJ3888,7749.54,864.884,214,120.0687713623,30.455890655518
1720312964,"2024-07-07 00:42:44",B7302,GJ3888,7802.88,872.292,213,120.04810333252,30.428359985352
1720312979,"2024-07-07 00:42:59",B7302,GJ3888,7802.88,868.588,211,120.02848815918,30.400680541992
1720312994,"2024-07-07 00:43:14",B7302,GJ3888,7795.26,866.736,210,120.00964355469,30.372480392456
1720313010,"2024-07-07 00:43:30",B7302,GJ3888,7795.26,866.736,210,119.99096679688,30.34441947937
1720313024,"2024-07-07 00:43:44",B7302,GJ3888,7795.26,866.736,210,119.97119903564,30.314680099487
1720313035,"2024-07-07 00:43:55",B7302,GJ3888,7795.26,866.736,210,119.95867156982,30.295820236206
1720313050,"2024-07-07 00:44:10",B7302,GJ3888,7795.26,864.884,211,119.93974304199,30.267469406128
1720313065,"2024-07-07 00:44:25",B7302,GJ3888,7795.26,864.884,210,119.92056274414,30.238540649414
1720313079,"2024-07-07 00:44:39",B7302,GJ3888,7802.88,866.736,210,119.90235900879,30.211120605469
1720313094,"2024-07-07 00:44:54",B7302,GJ3888,7795.26,868.588,211,119.88346862793,30.182699203491
1720313109,"2024-07-07 00:45:09",B7302,GJ3888,7802.88,866.736,210,119.86833190918,30.159940719604
1720313124,"2024-07-07 00:45:24",B7302,GJ3888,7795.26,864.884,210,119.84969329834,30.131740570068
1720313139,"2024-07-07 00:45:39",B7302,GJ3888,7795.26,864.884,210,119.83078765869,30.103229522705
1720313154,"2024-07-07 00:45:54",B7302,GJ3888,7795.26,864.884,210,119.81242370605,30.075389862061
1720313169,"2024-07-07 00:46:09",B7302,GJ3888,7802.88,863.032,211,119.79387664795,30.047470092773
1720313184,"2024-07-07 00:46:24",B7302,GJ3888,7802.88,866.736,211,119.7741317749,30.01807975769
1720313200,"2024-07-07 00:46:40",B7302,GJ3888,7802.88,866.736,210,119.75482177734,29.989463806152
1720313214,"2024-07-07 00:46:54",B7302,GJ3888,7795.26,866.736,211,119.73583984375,29.961229324341
1720313229,"2024-07-07 00:47:09",B7302,GJ3888,7802.88,866.736,211,119.71839141846,29.935359954834
1720313244,"2024-07-07 00:47:24",B7302,GJ3888,7802.88,864.884,211,119.69831848145,29.905380249023
1720313259,"2024-07-07 00:47:39",B7302,GJ3888,7795.26,859.328,212,119.67903900146,29.877180099487
1720313274,"2024-07-07 00:47:54",B7302,GJ3888,7795.26,859.328,213,119.65939331055,29.849760055542
1720313289,"2024-07-07 00:48:09",B7302,GJ3888,7802.88,863.032,214,119.63896179199,29.822481155396
1720313304,"2024-07-07 00:48:24",B7302,GJ3888,7802.88,859.328,215,119.6184463501,29.796300888062
1720313319,"2024-07-07 00:48:39",B7302,GJ3888,7795.26,857.476,215,119.59716796875,29.769132614136
1720313334,"2024-07-07 00:48:54",B7302,GJ3888,7802.88,859.328,215,119.57652282715,29.742649078369
1720313350,"2024-07-07 00:49:10",B7302,GJ3888,7833.36,863.032,215,119.55687713623,29.717510223389
1720313364,"2024-07-07 00:49:24",B7302,GJ3888,7940.04,864.884,215,119.53643035889,29.691190719604
1720313379,"2024-07-07 00:49:39",B7302,GJ3888,8016.24,868.588,216,119.51535797119,29.664579391479
1720313394,"2024-07-07 00:49:54",B7302,GJ3888,8115.3,868.588,221,119.49205780029,29.638780593872
1720313409,"2024-07-07 00:50:09",B7302,GJ3888,8191.5,872.292,225,119.46662139893,29.614440917969
1720313424,"2024-07-07 00:50:24",B7302,GJ3888,8252.46,881.552,228,119.43898010254,29.59162902832
1720313439,"2024-07-07 00:50:39",B7302,GJ3888,8305.8,888.96,229,119.41092681885,29.569789886475
1720313454,"2024-07-07 00:50:54",B7302,GJ3888,8374.38,898.22,229,119.38234710693,29.547359466553
1720313469,"2024-07-07 00:51:09",B7302,GJ3888,8420.1,901.924,229,119.35240936279,29.523830413818
1720313484,"2024-07-07 00:51:24",B7302,GJ3888,8412.48,903.776,228,119.32388305664,29.501399993896
1720313499,"2024-07-07 00:51:39",B7302,GJ3888,8404.86,900.072,229,119.29569244385,29.479200363159
1720313513,"2024-07-07 00:51:53",B7302,GJ3888,8404.86,898.22,229,119.26641845703,29.45618057251
1720313524,"2024-07-07 00:52:04",B7302,GJ3888,8404.86,898.22,228,119.24729919434,29.441120147705
1720313538,"2024-07-07 00:52:18",B7302,GJ3888,8404.86,896.368,229,119.21945953369,29.419189453125
1720313553,"2024-07-07 00:52:33",B7302,GJ3888,8404.86,892.664,238,119.18860626221,29.399230957031
1720313568,"2024-07-07 00:52:48",B7302,GJ3888,8404.86,888.96,246,119.15442657471,29.383819580078
1720313583,"2024-07-07 00:53:03",B7302,GJ3888,8412.48,883.404,256,119.11791992188,29.373109817505
1720313598,"2024-07-07 00:53:18",B7302,GJ3888,8412.48,883.404,259,119.08085632324,29.366220474243
1720313613,"2024-07-07 00:53:33",B7302,GJ3888,8404.86,883.404,257,119.04332733154,29.359010696411
1720313627,"2024-07-07 00:53:47",B7302,GJ3888,8404.86,887.108,248,119.00813293457,29.348556518555
1720313641,"2024-07-07 00:54:01",B7302,GJ3888,8404.86,888.96,240,118.97368621826,29.33283996582
1720313656,"2024-07-07 00:54:16",B7302,GJ3888,8404.86,890.812,230,118.94332122803,29.313430786133
1720313671,"2024-07-07 00:54:31",B7302,GJ3888,8412.48,890.812,228,118.91536712646,29.291229248047
1720313686,"2024-07-07 00:54:46",B7302,GJ3888,8412.48,890.812,228,118.88648986816,29.268310546875
1720313702,"2024-07-07 00:55:02",B7302,GJ3888,8404.86,888.96,228,118.85827636719,29.245790481567
1720313716,"2024-07-07 00:55:16",B7302,GJ3888,8420.1,892.664,228,118.82996368408,29.223070144653
1720313731,"2024-07-07 00:55:31",B7302,GJ3888,8503.92,896.368,228,118.80139923096,29.200239181519
1720313746,"2024-07-07 00:55:46",B7302,GJ3888,8595.36,900.072,228,118.77409362793,29.178409576416
1720313761,"2024-07-07 00:56:01",B7302,GJ3888,8679.18,905.628,228,118.74487304688,29.155109405518
1720313776,"2024-07-07 00:56:16",B7302,GJ3888,8763,909.332,228,118.71611022949,29.132160186768
1720313791,"2024-07-07 00:56:31",B7302,GJ3888,8854.44,914.888,228,118.68778991699,29.109560012817
1720313806,"2024-07-07 00:56:46",B7302,GJ3888,8930.64,920.444,228,118.65794372559,29.085800170898
1720313821,"2024-07-07 00:57:01",B7302,GJ3888,9022.08,924.148,228,118.62921142578,29.062730789185
1720313836,"2024-07-07 00:57:16",B7302,GJ3888,9105.9,929.704,228,118.60031890869,29.039569854736
1720313851,"2024-07-07 00:57:31",B7302,GJ3888,9189.72,935.26,228,118.57047271729,29.015619277954
1720313862,"2024-07-07 00:57:42",B7302,GJ3888,9265.92,935.26,228,118.55113983154,29.000150680542
1720313882,"2024-07-07 00:58:02",B7302,GJ3888,9403.08,937.112,228,118.51667785645,28.972579956055
1720313896,"2024-07-07 00:58:16",B7302,GJ3888,9502.14,938.964,228,118.48793029785,28.949440002441
1720313911,"2024-07-07 00:58:31",B7302,GJ3888,9593.58,944.52,228,118.45812988281,28.925310134888
1720313926,"2024-07-07 00:58:46",B7302,GJ3888,9715.5,944.52,228,118.42887115479,28.901500701904
1720313941,"2024-07-07 00:59:01",B7302,GJ3888,9837.42,944.52,228,118.39939117432,28.877559661865
1720313955,"2024-07-07 00:59:15",B7302,GJ3888,9959.34,950.076,228,118.36865234375,28.852750778198
1720313970,"2024-07-07 00:59:30",B7302,GJ3888,10058.4,953.78,228,118.33865356445,28.828630447388
1720313985,"2024-07-07 00:59:45",B7302,GJ3888,10180.32,955.632,228,118.30860137939,28.8044090271
1720314000,"2024-07-07 01:00:00",B7302,GJ3888,10309.86,955.632,228,118.27908325195,28.780729293823
1720314015,"2024-07-07 01:00:15",B7302,GJ3888,10439.4,957.484,228,118.24510955811,28.75345993042
1720314030,"2024-07-07 01:00:30",B7302,GJ3888,10523.22,964.892,228,118.21367645264,28.728059768677
1720314045,"2024-07-07 01:00:45",B7302,GJ3888,10629.9,966.744,228,118.18466949463,28.704719543457
1720314060,"2024-07-07 01:01:00",B7302,GJ3888,10744.2,968.596,228,118.15325927734,28.679260253906
1720314075,"2024-07-07 01:01:15",B7302,GJ3888,10820.4,976.004,228,118.12294769287,28.654720306396
1720314090,"2024-07-07 01:01:30",B7302,GJ3888,10843.26,990.82,228,118.09290313721,28.630420684814
1720314105,"2024-07-07 01:01:45",B7302,GJ3888,10888.98,1000.08,228,118.05770874023,28.601850509644
1720314120,"2024-07-07 01:02:00",B7302,GJ3888,10972.8,1005.636,228,118.0270690918,28.576999664307
1720314135,"2024-07-07 01:02:15",B7302,GJ3888,11010.9,1005.636,228,117.99559020996,28.551410675049
1720314150,"2024-07-07 01:02:30",B7302,GJ3888,10995.66,1003.784,228,117.96472930908,28.526329040527
1720314165,"2024-07-07 01:02:45",B7302,GJ3888,10995.66,1001.932,228,117.93209075928,28.499750137329
1720314180,"2024-07-07 01:03:00",B7302,GJ3888,10995.66,1000.08,227,117.90072631836,28.474039077759
1720314195,"2024-07-07 01:03:15",B7302,GJ3888,10995.66,1000.08,227,117.87030792236,28.44854927063
1720314210,"2024-07-07 01:03:30",B7302,GJ3888,10995.66,1000.08,227,117.84635925293,28.428289413452
1720314225,"2024-07-07 01:03:45",B7302,GJ3888,11003.28,1000.08,227,117.81446838379,28.401239395142
1720314240,"2024-07-07 01:04:00",B7302,GJ3888,11003.28,1001.932,227,117.77913665771,28.371139526367
1720314260,"2024-07-07 01:04:20",B7302,GJ3888,10995.66,1003.784,227,117.74681854248,28.343669891357
1720314275,"2024-07-07 01:04:35",B7302,GJ3888,11003.28,1001.932,227,117.70963287354,28.311950683594
1720314301,"2024-07-07 01:05:01",B7302,GJ3888,10995.66,1003.784,227,117.66033935547,28.269960403442
1720314315,"2024-07-07 01:05:15",B7302,GJ3888,10995.66,1003.784,226,117.62999725342,28.239999771118
1720314330,"2024-07-07 01:05:30",B7302,GJ3888,11003.28,1003.784,227,117.59834289551,28.217149734497
1720314345,"2024-07-07 01:05:45",B7302,GJ3888,10995.66,1005.636,227,117.56831359863,28.191520690918
1720314361,"2024-07-07 01:06:01",B7302,GJ3888,10995.66,1005.636,227,117.53533172607,28.163410186768
1720314375,"2024-07-07 01:06:15",B7302,GJ3888,11003.28,1005.636,227,117.50421905518,28.136859893799
1720314386,"2024-07-07 01:06:26",B7302,GJ3888,10995.66,1005.636,227,117.48439788818,28.119930267334
1720314400,"2024-07-07 01:06:40",B7302,GJ3888,11003.28,1005.636,227,117.4514465332,28.091770172119
1720314415,"2024-07-07 01:06:55",B7302,GJ3888,10995.66,1005.636,227,117.42852783203,28.072219848633
1720314429,"2024-07-07 01:07:09",B7302,GJ3888,11003.28,1007.488,227,117.39700317383,28.045259475708
1720314444,"2024-07-07 01:07:24",B7302,GJ3888,11003.28,1005.636,226,117.36392974854,28.016920089722
1720314459,"2024-07-07 01:07:39",B7302,GJ3888,10995.66,1003.784,226,117.33393096924,27.9912109375
1720314474,"2024-07-07 01:07:54",B7302,GJ3888,10995.66,1003.784,226,117.30235290527,27.964139938354
1720314489,"2024-07-07 01:08:09",B7302,GJ3888,10995.66,1003.784,226,117.27732849121,27.942699432373
1720314504,"2024-07-07 01:08:24",B7302,GJ3888,11003.28,1003.784,226,117.24678039551,27.91649055481
1720314515,"2024-07-07 01:08:35",B7302,GJ3888,11003.28,1003.784,226,117.22743988037,27.899869918823
1720314529,"2024-07-07 01:08:49",B7302,GJ3888,11003.28,1003.784,226,117.1971282959,27.87380027771
1720314544,"2024-07-07 01:09:04",B7302,GJ3888,10995.66,1005.636,226,117.16539001465,27.846519470215
1720314555,"2024-07-07 01:09:15",B7302,GJ3888,11003.28,1005.636,226,117.14608001709,27.829879760742
1720314569,"2024-07-07 01:09:29",B7302,GJ3888,11003.28,1007.488,226,117.11129760742,27.799880981445
1720314584,"2024-07-07 01:09:44",B7302,GJ3888,11003.28,1007.488,226,117.08135223389,27.774080276489
1720314599,"2024-07-07 01:09:59",B7302,GJ3888,11003.28,1009.34,226,117.04544067383,27.743129730225
1720314614,"2024-07-07 01:10:14",B7302,GJ3888,10995.66,1009.34,225,117.01999664307,27.719999313354
1720314629,"2024-07-07 01:10:29",B7302,GJ3888,10995.66,1009.34,226,116.98442840576,27.690479278564
1720314645,"2024-07-07 01:10:45",B7302,GJ3888,10995.66,1009.34,226,116.95468902588,27.664779663086
1720314659,"2024-07-07 01:10:59",B7302,GJ3888,11003.28,1009.34,226,116.92433166504,27.638530731201
1720314674,"2024-07-07 01:11:14",B7302,GJ3888,11003.28,1009.34,226,116.89215087891,27.6107006073
1720314689,"2024-07-07 01:11:29",B7302,GJ3888,11003.28,1009.34,226,116.86263275146,27.585130691528
1720314704,"2024-07-07 01:11:44",B7302,GJ3888,10995.66,1009.34,227,116.83219146729,27.558979034424
1720314724,"2024-07-07 01:12:04",B7302,GJ3888,11003.28,1007.488,227,116.79943847656,27.531009674072
1720314739,"2024-07-07 01:12:19",B7302,GJ3888,11003.28,1007.488,227,116.7659072876,27.502349853516
1720314754,"2024-07-07 01:12:34",B7302,GJ3888,11003.28,1007.488,227,116.73058319092,27.472150802612
1720314769,"2024-07-07 01:12:49",B7302,GJ3888,10995.66,1005.636,227,116.70143890381,27.447189331055
1720314784,"2024-07-07 01:13:04",B7302,GJ3888,10995.66,1005.636,227,116.67086791992,27.421009063721
1720314799,"2024-07-07 01:13:19",B7302,GJ3888,11003.28,1005.636,227,116.64009857178,27.394639968872
1720314815,"2024-07-07 01:13:35",B7302,GJ3888,11003.28,1005.636,227,116.60751342773,27.366710662842
1720314829,"2024-07-07 01:13:49",B7302,GJ3888,11003.28,1005.636,227,116.58535766602,27.34766960144
1720314844,"2024-07-07 01:14:04",B7302,GJ3888,11003.28,1005.636,227,116.55489349365,27.321439743042
1720314859,"2024-07-07 01:14:19",B7302,GJ3888,11003.28,1005.636,227,116.52410888672,27.294889450073
1720314870,"2024-07-07 01:14:30",B7302,GJ3888,11003.28,1005.636,227,116.50457000732,27.27813911438
1720314884,"2024-07-07 01:14:44",B7302,GJ3888,11003.28,1005.636,227,116.47052001953,27.249439239502
1720314904,"2024-07-07 01:15:04",B7302,GJ3888,11003.28,1005.636,228,116.43206787109,27.217580795288
1720314919,"2024-07-07 01:15:19",B7302,GJ3888,10995.66,1005.636,228,116.39771270752,27.189189910889
1720314930,"2024-07-07 01:15:30",B7302,GJ3888,11003.28,1007.488,228,116.37657165527,27.171800613403
1720314944,"2024-07-07 01:15:44",B7302,GJ3888,11003.28,1001.932,228,116.34288787842,27.143999099731
1720314959,"2024-07-07 01:15:59",B7302,GJ3888,10995.66,994.524,228,116.311668396,27.118259429932
1720314974,"2024-07-07 01:16:14",B7302,GJ3888,10995.66,987.116,228,116.28235626221,27.094009399414
1720314990,"2024-07-07 01:16:30",B7302,GJ3888,10995.66,985.264,228,116.25157165527,27.06854057312
1720315004,"2024-07-07 01:16:44",B7302,GJ3888,11003.28,983.412,228,116.22145843506,27.043579101562
1720315019,"2024-07-07 01:16:59",B7302,GJ3888,11003.28,983.412,228,116.19061279297,27.017990112305
1720315034,"2024-07-07 01:17:14",B7302,GJ3888,10995.66,981.56,228,116.15754699707,26.990619659424
1720315049,"2024-07-07 01:17:29",B7302,GJ3888,11003.28,981.56,228,116.12879943848,26.966669082642
1720315065,"2024-07-07 01:17:45",B7302,GJ3888,11003.28,981.56,228,116.10269165039,26.944889068604
1720315079,"2024-07-07 01:17:59",B7302,GJ3888,11003.28,981.56,228,116.07128143311,26.918790817261
1720315099,"2024-07-07 01:18:19",B7302,GJ3888,11003.28,981.56,228,116.03569793701,26.889179229736
1720315114,"2024-07-07 01:18:34",B7302,GJ3888,11003.28,981.56,228,116.00608825684,26.864589691162
1720315129,"2024-07-07 01:18:49",B7302,GJ3888,11003.28,979.708,228,115.97579956055,26.839269638062
1720315144,"2024-07-07 01:19:04",B7302,GJ3888,11003.28,979.708,228,115.94592285156,26.814380645752
1720315159,"2024-07-07 01:19:19",B7302,GJ3888,10995.66,979.708,228,115.91410827637,26.787790298462
1720315170,"2024-07-07 01:19:30",B7302,GJ3888,11003.28,981.56,228,115.89478302002,26.771770477295
1720315184,"2024-07-07 01:19:44",B7302,GJ3888,10995.66,981.56,228,115.86492919922,26.747190475464
1720315199,"2024-07-07 01:19:59",B7302,GJ3888,11003.28,981.56,228,115.82865142822,26.717309951782
1720315210,"2024-07-07 01:20:10",B7302,GJ3888,11003.28,981.56,228,115.80847167969,26.700590133667
1720315229,"2024-07-07 01:20:29",B7302,GJ3888,11003.28,983.412,222,115.77673339844,26.671310424805
1720315244,"2024-07-07 01:20:44",B7302,GJ3888,11003.28,985.264,218,115.74266052246,26.633329391479
1720315259,"2024-07-07 01:20:59",B7302,GJ3888,10995.66,985.264,218,115.72392272949,26.611080169678
1720315274,"2024-07-07 01:21:14",B7302,GJ3888,10988.04,985.264,217,115.69438171387,26.575830459595
1720315289,"2024-07-07 01:21:29",B7302,GJ3888,10942.32,988.968,217,115.67566680908,26.553539276123
1720315304,"2024-07-07 01:21:44",B7302,GJ3888,10828.02,990.82,214,115.65038299561,26.521770477295
1720315325,"2024-07-07 01:22:05",B7302,GJ3888,10645.14,992.672,207,115.62397003174,26.480680465698
1720315339,"2024-07-07 01:22:19",B7302,GJ3888,10523.22,983.412,202,115.60633087158,26.444929122925
1720315350,"2024-07-07 01:22:30",B7302,GJ3888,10439.4,976.004,200,115.59622955322,26.420289993286
1720315364,"2024-07-07 01:22:44",B7302,GJ3888,10264.14,970.448,199,115.58277130127,26.385059356689
1720315379,"2024-07-07 01:22:59",B7302,GJ3888,10088.88,964.892,199,115.56909179688,26.348709106445
1720315390,"2024-07-07 01:23:10",B7302,GJ3888,9989.82,959.336,199,115.56079864502,26.326780319214
1720315410,"2024-07-07 01:23:30",B7302,GJ3888,9768.84,959.336,199,115.54476928711,26.284790039062
1720315424,"2024-07-07 01:23:44",B7302,GJ3888,9563.1,964.892,199,115.53249359131,26.252429962158
1720315444,"2024-07-07 01:24:04",B7302,GJ3888,9311.64,977.856,208,115.51149749756,26.204540252686
1720315459,"2024-07-07 01:24:19",B7302,GJ3888,9204.96,979.708,218,115.48806762695,26.171159744263
1720315474,"2024-07-07 01:24:34",B7302,GJ3888,9151.62,963.04,228,115.45921325684,26.142650604248
1720315489,"2024-07-07 01:24:49",B7302,GJ3888,9159.24,955.632,235,115.43309020996,26.123750686646
1720315504,"2024-07-07 01:25:04",B7302,GJ3888,9174.48,953.78,239,115.39727783203,26.103380203247
1720315519,"2024-07-07 01:25:19",B7302,GJ3888,9174.48,959.336,238,115.36260986328,26.083829879761
1720315539,"2024-07-07 01:25:39",B7302,GJ3888,9174.48,964.892,238,115.32187652588,26.060760498047
1720315554,"2024-07-07 01:25:54",B7302,GJ3888,9174.48,970.448,239,115.27922058105,26.036670684814
1720315565,"2024-07-07 01:26:05",B7302,GJ3888,9174.48,974.152,238,115.26524353027,26.028810501099
1720315579,"2024-07-07 01:26:19",B7302,GJ3888,9174.48,974.152,238,115.22518920898,26.006170272827
1720315594,"2024-07-07 01:26:34",B7302,GJ3888,9166.86,968.596,238,115.19091033936,25.986810684204
1720315609,"2024-07-07 01:26:49",B7302,GJ3888,9174.48,966.744,238,115.15791320801,25.968149185181
1720315624,"2024-07-07 01:27:04",B7302,GJ3888,9174.48,964.892,239,115.1195526123,25.946489334106
1720315640,"2024-07-07 01:27:20",B7302,GJ3888,9174.48,959.336,239,115.08516693115,25.927080154419
1720315654,"2024-07-07 01:27:34",B7302,GJ3888,9166.86,955.632,239,115.05835723877,25.911989212036
1720315669,"2024-07-07 01:27:49",B7302,GJ3888,9166.86,955.632,239,115.02490234375,25.89315032959
1720315684,"2024-07-07 01:28:04",B7302,GJ3888,9174.48,953.78,238,114.9889831543,25.872850418091
1720315699,"2024-07-07 01:28:19",B7302,GJ3888,9174.48,951.928,238,114.9563369751,25.854370117188
1720315714,"2024-07-07 01:28:34",B7302,GJ3888,9166.86,950.076,237,114.92642211914,25.837009429932
1720315729,"2024-07-07 01:28:49",B7302,GJ3888,9166.86,953.78,220,114.89349365234,25.808940887451
1720315744,"2024-07-07 01:29:04",B7302,GJ3888,9174.48,953.78,207,114.87197875977,25.778409957886
1720315759,"2024-07-07 01:29:19",B7302,GJ3888,9174.48,955.632,197,114.86003112793,25.748790740967
1720315774,"2024-07-07 01:29:34",B7302,GJ3888,9174.48,953.78,193,114.85056304932,25.710800170898
1720315789,"2024-07-07 01:29:49",B7302,GJ3888,9166.86,953.78,193,114.84028625488,25.670009613037
1720315804,"2024-07-07 01:30:04",B7302,GJ3888,9174.48,953.78,193,114.83184814453,25.635959625244
1720315819,"2024-07-07 01:30:19",B7302,GJ3888,9174.48,953.78,193,114.82498168945,25.60844039917
1720315834,"2024-07-07 01:30:34",B7302,GJ3888,9166.86,951.928,193,114.81526947021,25.569049835205
1720315854,"2024-07-07 01:30:54",B7302,GJ3888,9159.24,950.076,194,114.8051071167,25.527660369873
1720315886,"2024-07-07 01:31:26",B7302,GJ3888,9090.66,951.928,195,114.79000091553,25.489999771118
1720315942,"2024-07-07 01:32:22",B7302,GJ3888,8663.94,922.296,200,114.73999786377,25.360000610352
1720315962,"2024-07-07 01:32:42",B7302,GJ3888,8351.52,903.776,201,114.71399688721,25.287139892578
1720315976,"2024-07-07 01:32:56",B7302,GJ3888,8168.64,898.22,201,114.69905090332,25.251249313354
1720315991,"2024-07-07 01:33:11",B7302,GJ3888,8054.34,894.516,201,114.68927764893,25.227960586548
1720316002,"2024-07-07 01:33:22",B7302,GJ3888,7947.66,885.256,201,114.67794036865,25.20112991333
1720316016,"2024-07-07 01:33:36",B7302,GJ3888,7825.74,872.292,201,114.6653213501,25.171049118042
1720316031,"2024-07-07 01:33:51",B7302,GJ3888,7711.44,864.884,201,114.65482330322,25.146030426025
1720316046,"2024-07-07 01:34:06",B7302,GJ3888,7551.42,859.328,201,114.64248657227,25.1165599823
1720316061,"2024-07-07 01:34:21",B7302,GJ3888,7376.16,851.92,201,114.62905883789,25.084260940552
1720316080,"2024-07-07 01:34:40",B7302,GJ3888,7155.18,840.808,201,114.61113739014,25.041189193726
1720316091,"2024-07-07 01:34:51",B7302,GJ3888,7056.12,835.252,201,114.60368347168,25.023330688477
1720316128,"2024-07-07 01:35:28",B7302,GJ3888,6614.16,824.14,201,114.5763092041,24.958330154419
1720316144,"2024-07-07 01:35:44",B7302,GJ3888,6454.14,816.732,201,114.56381988525,24.928770065308
1720316157,"2024-07-07 01:35:57",B7302,GJ3888,6339.84,809.324,201,114.55512237549,24.907869338989
1720316180,"2024-07-07 01:36:20",B7302,GJ3888,6637.02,807.472,201,114.53733825684,24.865089416504
1720316199,"2024-07-07 01:36:39",B7302,GJ3888,6492.24,800.064,201,114.52403259277,24.832950592041
1720316210,"2024-07-07 01:36:50",B7302,GJ3888,6416.04,796.36,201,114.51614379883,24.813859939575
1720316242,"2024-07-07 01:37:22",B7302,GJ3888,6149.34,790.804,201,114.49012756348,24.751270294189
1720316278,"2024-07-07 01:37:58",B7302,GJ3888,5440.68,761.172,201,114.45810699463,24.673799514771
1720316308,"2024-07-07 01:38:28",B7302,GJ3888,5600.7,750.06,201,114.4390411377,24.628009796143
1720316322,"2024-07-07 01:38:42",B7302,GJ3888,5486.4,748.208,201,114.4303894043,24.607360839844
1720316338,"2024-07-07 01:38:58",B7302,GJ3888,5356.86,740.8,201,114.41660308838,24.574089050293
1720316349,"2024-07-07 01:39:09",B7302,GJ3888,5288.28,737.096,201,114.40847015381,24.554489135742
1720316365,"2024-07-07 01:39:25",B7302,GJ3888,5189.22,735.244,201,114.39967346191,24.533479690552
1720316378,"2024-07-07 01:39:38",B7302,GJ3888,5082.54,733.392,201,114.38960266113,24.509450912476
1720316393,"2024-07-07 01:39:53",B7302,GJ3888,4983.48,724.132,201,114.37774658203,24.480739593506
1720316420,"2024-07-07 01:40:20",B7302,GJ3888,4808.22,714.872,202,114.35906982422,24.435689926147
1720316439,"2024-07-07 01:40:39",B7302,GJ3888,4724.4,714.872,201,114.34768676758,24.407960891724
1720316453,"2024-07-07 01:40:53",B7302,GJ3888,4640.58,711.168,201,114.33627319336,24.380760192871
1720316465,"2024-07-07 01:41:05",B7302,GJ3888,4610.1,711.168,201,114.32968139648,24.364650726318
1720316478,"2024-07-07 01:41:18",B7302,GJ3888,4541.52,703.76,201,114.3207321167,24.342769622803
1720316493,"2024-07-07 01:41:33",B7302,GJ3888,4472.94,700.056,201,114.31036376953,24.317539215088
1720316508,"2024-07-07 01:41:48",B7302,GJ3888,4427.22,696.352,201,114.29866027832,24.289220809937
1720316523,"2024-07-07 01:42:03",B7302,GJ3888,4335.78,694.5,201,114.29042053223,24.269300460815
1720316538,"2024-07-07 01:42:18",B7302,GJ3888,4267.2,692.648,201,114.28082275391,24.246030807495
1720316568,"2024-07-07 01:42:48",B7302,GJ3888,4114.8,681.536,201,114.25858306885,24.191989898682
1720316591,"2024-07-07 01:43:11",B7302,GJ3888,3649.98,681.536,200.2248,114.23407745361,24.132354736328
1720316644,"2024-07-07 01:44:04",B7302,GJ3888,3444.24,655.608,217,114.2043762207,24.081050872803
1720316678,"2024-07-07 01:44:38",B7302,GJ3888,3299.46,644.496,230,114.16265106201,24.043119430542
1720316693,"2024-07-07 01:44:53",B7302,GJ3888,3238.5,596.344,229.01198,114.11880493164,24.008514404297
1720316705,"2024-07-07 01:45:05",B7302,GJ3888,3223.26,577.824,229.01523,114.10389709473,23.996747970581
1720316725,"2024-07-07 01:45:25",B7302,GJ3888,3208.02,577.824,229.01523,114.09275817871,23.987869262695
1720316744,"2024-07-07 01:45:44",B7302,GJ3888,3124.2,529.672,219,114.06351470947,23.959350585938
1720316756,"2024-07-07 01:45:56",B7302,GJ3888,3070.86,524.116,215.45808,114.05268096924,23.946395874023
1720316795,"2024-07-07 01:46:35",B7302,GJ3888,2956.56,524.116,215.45808,114.03336334229,23.918199539185
1720316808,"2024-07-07 01:46:48",B7302,GJ3888,2880.36,518.56,212,114.02249145508,23.90159034729
1720316832,"2024-07-07 01:47:12",B7302,GJ3888,2750.82,513.004,212,114.0041885376,23.873849868774
1720316852,"2024-07-07 01:47:32",B7302,GJ3888,2667,509.3,212,113.99195861816,23.855459213257
1720316867,"2024-07-07 01:47:47",B7302,GJ3888,2567.94,505.596,212,113.97796630859,23.834609985352
1720316882,"2024-07-07 01:48:02",B7302,GJ3888,2506.98,503.744,214,113.96988677979,23.822830200195
1720316897,"2024-07-07 01:48:17",B7302,GJ3888,2438.4,505.596,223,113.95659637451,23.807880401611
1720316912,"2024-07-07 01:48:32",B7302,GJ3888,2354.58,505.596,227,113.9421081543,23.794479370117
1720316927,"2024-07-07 01:48:47",B7302,GJ3888,2293.62,500.04,228,113.92623901367,23.780729293823
1720316938,"2024-07-07 01:48:58",B7302,GJ3888,2263.14,496.336,229,113.91636657715,23.772539138794
1720316952,"2024-07-07 01:49:12",B7302,GJ3888,2217.42,498.188,239,113.89994049072,23.761510848999
1720316966,"2024-07-07 01:49:26",B7302,GJ3888,2148.84,511.152,253,113.88005828857,23.753450393677
1720316977,"2024-07-07 01:49:37",B7302,GJ3888,2095.5,513.004,264,113.86676025391,23.751039505005
1720316992,"2024-07-07 01:49:52",B7302,GJ3888,2011.68,513.004,267,113.84265899658,23.74979019165
1720317006,"2024-07-07 01:50:06",B7302,GJ3888,1958.34,511.152,267,113.82746124268,23.748920440674
1720317021,"2024-07-07 01:50:21",B7302,GJ3888,1882.14,507.448,262,113.80634307861,23.746669769287
1720317036,"2024-07-07 01:50:36",B7302,GJ3888,1828.8,501.892,261,113.78524780273,23.743469238281
1720317051,"2024-07-07 01:50:51",B7302,GJ3888,1828.8,501.892,260,113.76531219482,23.740169525146
1720317066,"2024-07-07 01:51:06",B7302,GJ3888,1828.8,500.04,260,113.74053955078,23.736009597778
1720317081,"2024-07-07 01:51:21",B7302,GJ3888,1828.8,501.892,260,113.72617340088,23.733489990234
1720317096,"2024-07-07 01:51:36",B7302,GJ3888,1767.84,501.892,260,113.70610809326,23.730100631714
1720317112,"2024-07-07 01:51:52",B7302,GJ3888,1706.88,496.336,260,113.68589782715,23.726739883423
1720317126,"2024-07-07 01:52:06",B7302,GJ3888,1615.44,494.484,260,113.66651916504,23.723440170288
1720317137,"2024-07-07 01:52:17",B7302,GJ3888,1554.48,494.484,260,113.65299224854,23.721109390259
1720317152,"2024-07-07 01:52:32",B7302,GJ3888,1524,498.188,260,113.63272857666,23.717620849609
1720317166,"2024-07-07 01:52:46",B7302,GJ3888,1478.28,496.336,260,113.61325073242,23.714269638062
1720317181,"2024-07-07 01:53:01",B7302,GJ3888,1386.84,496.336,260,113.59163665771,23.710639953613
1720317196,"2024-07-07 01:53:16",B7302,GJ3888,1341.12,481.52,253,113.57257080078,23.705980300903
1720317211,"2024-07-07 01:53:31",B7302,GJ3888,1295.4,470.408,250,113.55391693115,23.699840545654
1720317226,"2024-07-07 01:53:46",B7302,GJ3888,1257.3,463,250,113.53588104248,23.693689346313
1720317241,"2024-07-07 01:54:01",B7302,GJ3888,1219.2,455.592,251,113.51857757568,23.687900543213
1720317256,"2024-07-07 01:54:16",B7302,GJ3888,1219.2,457.444,250,113.50042724609,23.681819915771
1720317270,"2024-07-07 01:54:30",B7302,GJ3888,1173.48,453.74,251,113.48094177246,23.675260543823
1720317285,"2024-07-07 01:54:45",B7302,GJ3888,1112.52,457.444,251,113.4635925293,23.669540405273
1720317301,"2024-07-07 01:55:01",B7302,GJ3888,1082.04,455.592,251,113.45083618164,23.665340423584
1720317315,"2024-07-07 01:55:15",B7302,GJ3888,1028.7,453.74,251,113.43155670166,23.658920288086
1720317330,"2024-07-07 01:55:30",B7302,GJ3888,982.98,448.184,240,113.41533660889,23.65193939209
1720317345,"2024-07-07 01:55:45",B7302,GJ3888,944.88,448.184,230,113.39990997314,23.641479492188
1720317360,"2024-07-07 01:56:00",B7302,GJ3888,944.88,433.368,225,113.3874130249,23.630199432373
1720317375,"2024-07-07 01:56:15",B7302,GJ3888,944.88,401.884,211,113.37641906738,23.618230819702
1720317390,"2024-07-07 01:56:30",B7302,GJ3888,952.5,377.808,195,113.37103271484,23.604499816895
1720317405,"2024-07-07 01:56:45",B7302,GJ3888,944.88,351.88,194,113.36756134033,23.591260910034
1720317420,"2024-07-07 01:57:00",B7302,GJ3888,944.88,344.472,195,113.3642578125,23.578540802002
1720317435,"2024-07-07 01:57:15",B7302,GJ3888,944.88,335.212,195,113.36087036133,23.566089630127
1720317450,"2024-07-07 01:57:30",B7302,GJ3888,922.02,301.876,194,113.3575592041,23.553760528564
1720317465,"2024-07-07 01:57:45",B7302,GJ3888,853.44,298.172,194,113.35453796387,23.542650222778
1720317480,"2024-07-07 01:58:00",B7302,GJ3888,784.86,283.356,195,113.35173797607,23.532169342041
1720317495,"2024-07-07 01:58:15",B7302,GJ3888,716.28,277.8,194,113.34873962402,23.521089553833
1720317510,"2024-07-07 01:58:30",B7302,GJ3888,670.56,274.096,195,113.34600067139,23.511110305786
1720317525,"2024-07-07 01:58:45",B7302,GJ3888,609.6,275.948,194,113.34300231934,23.500080108643
1720317536,"2024-07-07 01:58:56",B7302,GJ3888,571.5,277.8,195,113.34120178223,23.493440628052
1720317552,"2024-07-07 01:59:12",B7302,GJ3888,510.54,279.652,195,113.33837127686,23.483039855957
1720317565,"2024-07-07 01:59:25",B7302,GJ3888,449.58,279.652,195,113.33560943604,23.472749710083
1720317580,"2024-07-07 01:59:40",B7302,GJ3888,388.62,272.244,195,113.33293151855,23.462930679321
1720317595,"2024-07-07 01:59:55",B7302,GJ3888,335.28,274.096,195,113.33023071289,23.452829360962
1720317606,"2024-07-07 02:00:06",B7302,GJ3888,297.18,270.392,194,113.32852172852,23.446430206299
1720317620,"2024-07-07 02:00:20",B7302,GJ3888,251.46,268.54,194,113.32646942139,23.438919067383
1720317635,"2024-07-07 02:00:35",B7302,GJ3888,205.74,272.244,195,113.32386779785,23.429260253906
1720317650,"2024-07-07 02:00:50",B7302,GJ3888,144.78,275.948,195,113.32112884521,23.419189453125
1720317665,"2024-07-07 02:01:05",B7302,GJ3888,91.44,270.392,195,113.31838226318,23.408979415894
1720317680,"2024-07-07 02:01:20",B7302,GJ3888,38.1,266.688,195,113.31572723389,23.399110794067
1720317695,"2024-07-07 02:01:35",B7302,GJ3888,0,174.088,196,113.31311798096,23.38950920105
1720317709,"2024-07-07 02:01:49",B7302,GJ3888,0,107.416,196,113.31217193604,23.3860206604
1720317720,"2024-07-07 02:02:00",B7302,GJ3888,0,53.708,202,113.31139373779,23.38330078125
1720317735,"2024-07-07 02:02:15",B7302,GJ3888,0,38.892,222,113.31050109863,23.381889343262
1720317748,"2024-07-07 02:02:28",B7302,GJ3888,0,35.188,225,113.30982208252,23.38117980957
1720317759,"2024-07-07 02:02:39",B7302,GJ3888,0,24.076,225,113.30921936035,23.380569458008
1720317773,"2024-07-07 02:02:53",B7302,GJ3888,0,14.816,225,113.30872344971,23.380060195923
1720317784,"2024-07-07 02:03:04",B7302,GJ3888,0,12.964,258,113.30838012695,23.379949569702
1720317797,"2024-07-07 02:03:17",B7302,GJ3888,0,5.5559998,284,113.30808258057,23.380020141602
1720317812,"2024-07-07 02:03:32",B7302,GJ3888,0,0,286,113.30802154541,23.380039215088
1720317817,"2024-07-07 02:03:37",B7302,GJ3888,0,0,286,113.30802154541,23.380039215088
1720317822,"2024-07-07 02:03:42",B7302,GJ3888,0,0,286,113.30802154541,23.380039215088
1720317830,"2024-07-07 02:03:50",B7302,GJ3888,0,0,286,113.30802154541,23.380039215088
1720317834,"2024-07-07 02:03:54",B7302,GJ3888,0,0,286,113.30802154541,23.380039215088
1720317872,"2024-07-07 02:04:32",B7302,GJ3888,0,9.26,286,113.30790710449,23.380060195923
1720317889,"2024-07-07 02:04:49",B7302,GJ3888,0,20.372,286,113.30722045898,23.380220413208
1720317902,"2024-07-07 02:05:02",B7302,GJ3888,0,22.224,286,113.30666351318,23.380359649658
1720317914,"2024-07-07 02:05:14",B7302,GJ3888,0,27.78,286,113.30587768555,23.380540847778
1720317933,"2024-07-07 02:05:33",B7302,GJ3888,0,16.668,264,113.30486297607,23.380659103394
1720317950,"2024-07-07 02:05:50",B7302,GJ3888,0,18.52,202,113.30451965332,23.38011932373
1720317985,"2024-07-07 02:06:25",B7302,GJ3888,0,18.52,222,113.30387878418,23.378290176392
1720318004,"2024-07-07 02:06:44",B7302,GJ3888,0,22.224,284,113.30304718018,23.37832069397
1720318020,"2024-07-07 02:07:00",B7302,GJ3888,0,27.78,286,113.30178070068,23.378620147705
1720318032,"2024-07-07 02:07:12",B7302,GJ3888,0,33.336,286,113.30082702637,23.37885093689
1720318141,"2024-07-07 02:09:01",B7302,GJ3888,0,44.448,286,113.29004669189,23.381330490112
1720318152,"2024-07-07 02:09:12",B7302,GJ3888,0,33.336,286,113.28913116455,23.381530761719
1720318165,"2024-07-07 02:09:25",B7302,GJ3888,0,22.224,286,113.28820800781,23.381750106812
1720318176,"2024-07-07 02:09:36",B7302,GJ3888,0,18.52,295,113.28790283203,23.381860733032
1720318190,"2024-07-07 02:09:50",B7302,GJ3888,0,20.372,8,113.28781890869,23.382490158081
1720318204,"2024-07-07 02:10:04",B7302,GJ3888,0,25.928,16,113.28807830811,23.383399963379
1720318218,"2024-07-07 02:10:18",B7302,GJ3888,0,33.336,16,113.28839111328,23.384559631348
1720318233,"2024-07-07 02:10:33",B7302,GJ3888,0,38.892,16,113.28872680664,23.385829925537
1720318246,"2024-07-07 02:10:46",B7302,GJ3888,0,42.596,16,113.28903198242,23.386949539185
1720318262,"2024-07-07 02:11:02",B7302,GJ3888,0,46.3,16,113.28938293457,23.388210296631
1720318276,"2024-07-07 02:11:16",B7302,GJ3888,0,46.3,16,113.28984832764,23.389940261841
1720318291,"2024-07-07 02:11:31",B7302,GJ3888,0,22.224,16,113.2901763916,23.391189575195
1720318305,"2024-07-07 02:11:45",B7302,GJ3888,0,12.964,16,113.29033660889,23.391799926758
1720318319,"2024-07-07 02:11:59",B7302,GJ3888,0,0,16,113.29039001465,23.3919506073
1720318334,"2024-07-07 02:12:14",B7302,GJ3888,0,0,16,113.29039764404,23.391979217529
1720318354,"2024-07-07 02:12:34",B7302,GJ3888,0,3.704,16,113.29041290283,23.392009735107
1720318365,"2024-07-07 02:12:45",B7302,GJ3888,0,11.112,16,113.2904510498,23.392169952393
1720318380,"2024-07-07 02:13:00",B7302,GJ3888,0,16.668,16,113.29058074951,23.392639160156
1720318395,"2024-07-07 02:13:15",B7302,GJ3888,0,12.964,75,113.29105377197,23.392929077148
1720318410,"2024-07-07 02:13:30",B7302,GJ3888,0,14.816,78,113.29155731201,23.39294052124
1720318424,"2024-07-07 02:13:44",B7302,GJ3888,0,14.816,73,113.2919921875,23.393100738525
1720318439,"2024-07-07 02:13:59",B7302,GJ3888,0,9.26,73,113.29248046875,23.393249511719
1720318454,"2024-07-07 02:14:14",B7302,GJ3888,0,7.408,73,113.29277801514,23.393350601196
