Time,"UTC TIME",Anum,Fnum,Height,Speed,Angle,Longitude,Latitude
1711937160,"2024-04-01 02:06:00",B1130,GJ3888,0,0,340.3,121.79304504395,31.148380279541
1711937165,"2024-04-01 02:06:05",B1130,GJ3888,0,6.9,340.3,121.79302215576,31.14845085144
1711937169,"2024-04-01 02:06:09",B1130,GJ3888,0,8.8,340.3,121.79299163818,31.148494720459
1711937169,"2024-04-01 02:06:09",B1130,GJ3888,0,10.6,340.3,121.79297637939,31.148544311523
1711937174,"2024-04-01 02:06:14",B1130,GJ3888,0,12.5,340.3,121.79295349121,31.148614883423
1711937174,"2024-04-01 02:06:14",B1130,GJ3888,0,14.4,340.3,121.79292297363,31.148677825928
1711937178,"2024-04-01 02:06:18",B1130,GJ3888,0,15.3,343.1,121.79290008545,31.14875793457
1711937178,"2024-04-01 02:06:18",B1130,GJ3888,0,17.1,343.1,121.79285430908,31.148849487305
1711937182,"2024-04-01 02:06:22",B1130,GJ3888,0,17.1,343.1,121.7928314209,31.148929595947
1711937182,"2024-04-01 02:06:22",B1130,GJ3888,0,18.1,343.1,121.79280090332,31.14900970459
1711937186,"2024-04-01 02:06:26",B1130,GJ3888,0,18.1,343.1,121.79277801514,31.149089813232
1711937186,"2024-04-01 02:06:26",B1130,GJ3888,0,18.1,343.1,121.79273986816,31.149192810059
1711937189,"2024-04-01 02:06:29",B1130,GJ3888,0,18.1,343.1,121.79270935059,31.149261474609
1711937191,"2024-04-01 02:06:31",B1130,GJ3888,0,18.1,340.3,121.79262542725,31.14945602417
1711937195,"2024-04-01 02:06:35",B1130,GJ3888,0,18.1,343.1,121.79261016846,31.149545669556
1711937197,"2024-04-01 02:06:37",B1130,GJ3888,0,18.1,343.1,121.79254150391,31.149707794189
1711937202,"2024-04-01 02:06:42",B1130,GJ3888,0,19,343.1,121.79249572754,31.149812698364
1711937202,"2024-04-01 02:06:42",B1130,GJ3888,0,19,343.1,121.79246520996,31.14990234375
1711937206,"2024-04-01 02:06:46",B1130,GJ3888,0,19,340.3,121.79244232178,31.149976730347
1711937206,"2024-04-01 02:06:46",B1130,GJ3888,0,19,340.3,121.7924041748,31.150081634521
1711937210,"2024-04-01 02:06:50",B1130,GJ3888,0,19,343.1,121.79235839844,31.150165557861
1711937210,"2024-04-01 02:06:50",B1130,GJ3888,0,18.1,343.1,121.79233551025,31.150255203247
1711937214,"2024-04-01 02:06:54",B1130,GJ3888,0,17.1,343.1,121.79230499268,31.150337219238
1711937214,"2024-04-01 02:06:54",B1130,GJ3888,0,15.3,343.1,121.79228210449,31.150417327881
1711937218,"2024-04-01 02:06:58",B1130,GJ3888,0,14.4,343.1,121.79225158691,31.15047454834
1711937218,"2024-04-01 02:06:58",B1130,GJ3888,0,13.4,340.3,121.79222869873,31.150543212891
1711937222,"2024-04-01 02:07:02",B1130,GJ3888,0,12.5,340.3,121.79220581055,31.150604248047
1711937222,"2024-04-01 02:07:02",B1130,GJ3888,0,12.5,340.3,121.79218292236,31.150651931763
1711937226,"2024-04-01 02:07:06",B1130,GJ3888,0,11.6,340.3,121.79216766357,31.150709152222
1711937226,"2024-04-01 02:07:06",B1130,GJ3888,0,7.9,340.3,121.79214477539,31.150737762451
1711937230,"2024-04-01 02:07:10",B1130,GJ3888,0,5.1,340.3,121.792137146,31.150756835938
1711937230,"2024-04-01 02:07:10",B1130,GJ3888,0,3.5,340.3,121.79214477539,31.150760650635
1711937247,"2024-04-01 02:07:27",B1130,GJ3888,0,0,340.3,121.79214477539,31.150749206543
1711937252,"2024-04-01 02:07:32",B1130,GJ3888,0,0,340.3,121.79214477539,31.150749206543
1711937252,"2024-04-01 02:07:32",B1130,GJ3888,0,0,340.3,121.792137146,31.150756835938
1711937257,"2024-04-01 02:07:37",B1130,GJ3888,0,0,343.1,121.792137146,31.150756835938
1711937263,"2024-04-01 02:07:43",B1130,GJ3888,0,0,343.1,121.792137146,31.150756835938
1711937272,"2024-04-01 02:07:52",B1130,GJ3888,0,0,343.1,121.79214477539,31.150760650635
1711937278,"2024-04-01 02:07:58",B1130,GJ3888,0,0,343.1,121.792137146,31.150779724121
1711937283,"2024-04-01 02:08:03",B1130,GJ3888,0,0,343.1,121.7921295166,31.150791168213
1711937286,"2024-04-01 02:08:06",B1130,GJ3888,0,0,343.1,121.79211425781,31.150829315186
1711937290,"2024-04-01 02:08:10",B1130,GJ3888,0,3.5,343.1,121.79211425781,31.15083694458
1711937290,"2024-04-01 02:08:10",B1130,GJ3888,0,4.2,343.1,121.79209899902,31.150861740112
1711937294,"2024-04-01 02:08:14",B1130,GJ3888,0,4.2,343.1,121.79209899902,31.150884628296
1711937294,"2024-04-01 02:08:14",B1130,GJ3888,0,4.2,343.1,121.79209136963,31.150897979736
1711937298,"2024-04-01 02:08:18",B1130,GJ3888,0,4.2,343.1,121.79207611084,31.150932312012
1711937298,"2024-04-01 02:08:18",B1130,GJ3888,0,5.1,343.1,121.79206085205,31.150955200195
1711937303,"2024-04-01 02:08:23",B1130,GJ3888,0,5.1,343.1,121.79206085205,31.150978088379
1711937303,"2024-04-01 02:08:23",B1130,GJ3888,0,5.1,343.1,121.79204559326,31.151012420654
1711937307,"2024-04-01 02:08:27",B1130,GJ3888,0,6,343.1,121.79204559326,31.151035308838
1711937307,"2024-04-01 02:08:27",B1130,GJ3888,0,6,343.1,121.79202270508,31.151058197021
1711937311,"2024-04-01 02:08:31",B1130,GJ3888,0,6,343.1,121.79201507568,31.151081085205
1711937311,"2024-04-01 02:08:31",B1130,GJ3888,0,6,343.1,121.79199981689,31.151117324829
1711937315,"2024-04-01 02:08:35",B1130,GJ3888,0,6.9,343.1,121.7919921875,31.151151657104
1711937315,"2024-04-01 02:08:35",B1130,GJ3888,0,6.9,343.1,121.79197692871,31.15118598938
1711937319,"2024-04-01 02:08:39",B1130,GJ3888,0,6.9,343.1,121.79196929932,31.151229858398
1711937319,"2024-04-01 02:08:39",B1130,GJ3888,0,6.9,343.1,121.79196166992,31.151256561279
1711937323,"2024-04-01 02:08:43",B1130,GJ3888,0,7.9,343.1,121.79194641113,31.151298522949
1711937323,"2024-04-01 02:08:43",B1130,GJ3888,0,8.8,343.1,121.79193115234,31.151344299316
1711937327,"2024-04-01 02:08:47",B1130,GJ3888,0,9.7,343.1,121.79190063477,31.151390075684
1711937327,"2024-04-01 02:08:47",B1130,GJ3888,0,10.6,340.3,121.79189300537,31.151441574097
1711937331,"2024-04-01 02:08:51",B1130,GJ3888,0,11.6,340.3,121.79186248779,31.151504516602
1711937331,"2024-04-01 02:08:51",B1130,GJ3888,0,12.5,340.3,121.79183959961,31.151559829712
1711937335,"2024-04-01 02:08:55",B1130,GJ3888,0,12.5,340.3,121.79182434082,31.151582717896
1711937338,"2024-04-01 02:08:58",B1130,GJ3888,0,13.4,343.1,121.79175567627,31.151790618896
1711937343,"2024-04-01 02:09:03",B1130,GJ3888,0,13.4,343.1,121.7917175293,31.151884078979
1711937343,"2024-04-01 02:09:03",B1130,GJ3888,0,13.4,343.1,121.79168701172,31.151954650879
1711937347,"2024-04-01 02:09:07",B1130,GJ3888,0,13.4,343.1,121.79165649414,31.152013778687
1711937347,"2024-04-01 02:09:07",B1130,GJ3888,0,13.4,343.1,121.79163360596,31.152088165283
1711937351,"2024-04-01 02:09:11",B1130,GJ3888,0,13.4,340.3,121.79161834717,31.152151107788
1711937351,"2024-04-01 02:09:11",B1130,GJ3888,0,13.4,343.1,121.79158782959,31.152210235596
1711937355,"2024-04-01 02:09:15",B1130,GJ3888,0,14.4,340.3,121.79156494141,31.152282714844
1711937355,"2024-04-01 02:09:15",B1130,GJ3888,0,14.4,340.3,121.79153442383,31.152349472046
1711937359,"2024-04-01 02:09:19",B1130,GJ3888,0,14.4,343.1,121.79151153564,31.152408599854
1711937359,"2024-04-01 02:09:19",B1130,GJ3888,0,14.4,343.1,121.79148101807,31.152502059937
1711937364,"2024-04-01 02:09:24",B1130,GJ3888,0,14.4,343.1,121.79145812988,31.152568817139
1711937364,"2024-04-01 02:09:24",B1130,GJ3888,0,14.4,343.1,121.79144287109,31.152629852295
1711937368,"2024-04-01 02:09:28",B1130,GJ3888,0,11.6,343.1,121.79141998291,31.152683258057
1711937368,"2024-04-01 02:09:28",B1130,GJ3888,0,8.8,343.1,121.79139709473,31.152723312378
1711937372,"2024-04-01 02:09:32",B1130,GJ3888,0,6.9,340.3,121.79138183594,31.152757644653
1711937372,"2024-04-01 02:09:32",B1130,GJ3888,0,4.2,340.3,121.79138183594,31.152780532837
1711937376,"2024-04-01 02:09:36",B1130,GJ3888,0,2.1,340.3,121.79137420654,31.152786254883
1711937379,"2024-04-01 02:09:39",B1130,GJ3888,0,0,340.3,121.79137420654,31.152786254883
1711937383,"2024-04-01 02:09:43",B1130,GJ3888,0,0,340.3,121.79137420654,31.152786254883
1711937387,"2024-04-01 02:09:47",B1130,GJ3888,0,0,340.3,121.79137420654,31.152780532837
1711937387,"2024-04-01 02:09:47",B1130,GJ3888,0,0,340.3,121.79137420654,31.152780532837
1711937391,"2024-04-01 02:09:51",B1130,GJ3888,0,0,340.3,121.79137420654,31.152780532837
1711937393,"2024-04-01 02:09:53",B1130,GJ3888,0,0,340.3,121.79137420654,31.152780532837
1711937401,"2024-04-01 02:10:01",B1130,GJ3888,0,0,340.3,121.79137420654,31.152780532837
1711937406,"2024-04-01 02:10:06",B1130,GJ3888,0,0,340.3,121.79137420654,31.152786254883
1711937411,"2024-04-01 02:10:11",B1130,GJ3888,0,0,340.3,121.79137420654,31.152786254883
1711937416,"2024-04-01 02:10:16",B1130,GJ3888,0,0,340.3,121.79137420654,31.152786254883
1711937421,"2024-04-01 02:10:21",B1130,GJ3888,0,0,340.3,121.79137420654,31.152786254883
1711937426,"2024-04-01 02:10:26",B1130,GJ3888,0,0,340.3,121.79137420654,31.152786254883
1711937435,"2024-04-01 02:10:35",B1130,GJ3888,0,0,340.3,121.79137420654,31.152786254883
1711937441,"2024-04-01 02:10:41",B1130,GJ3888,0,0,340.3,121.79137420654,31.152786254883
1711937446,"2024-04-01 02:10:46",B1130,GJ3888,0,0,340.3,121.79137420654,31.152786254883
1711937451,"2024-04-01 02:10:51",B1130,GJ3888,0,0,340.3,121.79137420654,31.152786254883
1711937456,"2024-04-01 02:10:56",B1130,GJ3888,0,0,340.3,121.79137420654,31.152786254883
1711937466,"2024-04-01 02:11:06",B1130,GJ3888,0,0,340.3,121.79137420654,31.152786254883
1711937472,"2024-04-01 02:11:12",B1130,GJ3888,0,0,340.3,121.79137420654,31.152786254883
1711937482,"2024-04-01 02:11:22",B1130,GJ3888,0,0,340.3,121.79137420654,31.152786254883
1711937486,"2024-04-01 02:11:26",B1130,GJ3888,0,0,340.3,121.79138183594,31.152780532837
1711937490,"2024-04-01 02:11:30",B1130,GJ3888,0,0,340.3,121.79138183594,31.152780532837
1711937496,"2024-04-01 02:11:36",B1130,GJ3888,0,0,340.3,121.79137420654,31.152786254883
1711937501,"2024-04-01 02:11:41",B1130,GJ3888,0,0,340.3,121.79137420654,31.152786254883
1711937506,"2024-04-01 02:11:46",B1130,GJ3888,0,0,340.3,121.79138183594,31.152780532837
1711937511,"2024-04-01 02:11:51",B1130,GJ3888,0,0,340.3,121.79138183594,31.152780532837
1711937516,"2024-04-01 02:11:56",B1130,GJ3888,0,0,340.3,121.79138183594,31.152780532837
1711937521,"2024-04-01 02:12:01",B1130,GJ3888,0,0,340.3,121.79138183594,31.152780532837
1711937530,"2024-04-01 02:12:10",B1130,GJ3888,0,0,340.3,121.79138183594,31.152780532837
1711937541,"2024-04-01 02:12:21",B1130,GJ3888,0,0,340.3,121.79138183594,31.152780532837
1711937546,"2024-04-01 02:12:26",B1130,GJ3888,0,0,340.3,121.79138183594,31.152780532837
1711937552,"2024-04-01 02:12:32",B1130,GJ3888,0,0,340.3,121.79137420654,31.152786254883
1711937557,"2024-04-01 02:12:37",B1130,GJ3888,0,0,340.3,121.79137420654,31.152786254883
1711937567,"2024-04-01 02:12:47",B1130,GJ3888,0,0,340.3,121.79137420654,31.152786254883
1711937572,"2024-04-01 02:12:52",B1130,GJ3888,0,0,340.3,121.79138183594,31.152780532837
1711937576,"2024-04-01 02:12:56",B1130,GJ3888,0,0,340.3,121.79136657715,31.152820587158
1711937579,"2024-04-01 02:12:59",B1130,GJ3888,0,6.9,343.1,121.79134368896,31.152885437012
1711937583,"2024-04-01 02:13:03",B1130,GJ3888,0,8.8,343.1,121.79132080078,31.152935028076
1711937583,"2024-04-01 02:13:03",B1130,GJ3888,0,10.6,343.1,121.79130554199,31.152978897095
1711937587,"2024-04-01 02:13:07",B1130,GJ3888,0,14.4,343.1,121.79124450684,31.153118133545
1711937591,"2024-04-01 02:13:11",B1130,GJ3888,0,16.2,343.1,121.79122161865,31.153211593628
1711937591,"2024-04-01 02:13:11",B1130,GJ3888,0,18.1,340.3,121.79119110107,31.153289794922
1711937596,"2024-04-01 02:13:16",B1130,GJ3888,0,19.9,340.3,121.79114532471,31.153392791748
1711937596,"2024-04-01 02:13:16",B1130,GJ3888,0,20.8,340.3,121.79110717773,31.153490066528
1711937600,"2024-04-01 02:13:20",B1130,GJ3888,0,22.7,340.3,121.79106903076,31.153610229492
1711937600,"2024-04-01 02:13:20",B1130,GJ3888,0,24.5,343.1,121.791015625,31.153734207153
1711937604,"2024-04-01 02:13:24",B1130,GJ3888,0,26.4,343.1,121.79096221924,31.153873443604
1711937604,"2024-04-01 02:13:24",B1130,GJ3888,0,27.3,343.1,121.79091644287,31.154003143311
1711937608,"2024-04-01 02:13:28",B1130,GJ3888,0,28.7,343.1,121.7908782959,31.154113769531
1711937608,"2024-04-01 02:13:28",B1130,GJ3888,0,28.7,340.3,121.79080963135,31.154285430908
1711937612,"2024-04-01 02:13:32",B1130,GJ3888,0,28.7,343.1,121.79076385498,31.154375076294
1711937612,"2024-04-01 02:13:32",B1130,GJ3888,0,27.3,343.1,121.79071807861,31.154537200928
1711937616,"2024-04-01 02:13:36",B1130,GJ3888,0,27.3,343.1,121.79067230225,31.154678344727
1711937616,"2024-04-01 02:13:36",B1130,GJ3888,0,27.3,343.1,121.79061126709,31.154800415039
1711937620,"2024-04-01 02:13:40",B1130,GJ3888,0,27.3,343.1,121.79057312012,31.154926300049
1711937620,"2024-04-01 02:13:40",B1130,GJ3888,0,24.5,343.1,121.79052734375,31.155040740967
1711937624,"2024-04-01 02:13:44",B1130,GJ3888,0,20.8,340.3,121.79050445557,31.155132293701
1711937624,"2024-04-01 02:13:44",B1130,GJ3888,0,17.1,340.3,121.79046630859,31.155202865601
1711937628,"2024-04-01 02:13:48",B1130,GJ3888,0,14.4,340.3,121.7904510498,31.155269622803
1711937628,"2024-04-01 02:13:48",B1130,GJ3888,0,9.7,340.3,121.79042053223,31.155317306519
1711937632,"2024-04-01 02:13:52",B1130,GJ3888,0,6.9,340.3,121.79041290283,31.155353546143
1711937632,"2024-04-01 02:13:52",B1130,GJ3888,0,6,340.3,121.79040527344,31.155372619629
1711937636,"2024-04-01 02:13:56",B1130,GJ3888,0,2.5,340.3,121.79039764404,31.155384063721
1711937636,"2024-04-01 02:13:56",B1130,GJ3888,0,0.6,340.3,121.79039764404,31.155387878418
1711937640,"2024-04-01 02:14:00",B1130,GJ3888,0,0,340.3,121.79039764404,31.155384063721
1711937640,"2024-04-01 02:14:00",B1130,GJ3888,0,0,340.3,121.79039764404,31.155384063721
1711937644,"2024-04-01 02:14:04",B1130,GJ3888,0,0,340.3,121.79039764404,31.155384063721
1711937644,"2024-04-01 02:14:04",B1130,GJ3888,0,0,340.3,121.79039764404,31.155384063721
1711937648,"2024-04-01 02:14:08",B1130,GJ3888,0,0,340.3,121.79039764404,31.155384063721
1711937650,"2024-04-01 02:14:10",B1130,GJ3888,0,0,340.3,121.79039764404,31.155384063721
1711937655,"2024-04-01 02:14:15",B1130,GJ3888,0,0,340.3,121.79039764404,31.155384063721
1711937659,"2024-04-01 02:14:19",B1130,GJ3888,0,0,340.3,121.79039764404,31.155384063721
1711937663,"2024-04-01 02:14:23",B1130,GJ3888,0,0,340.3,121.79039764404,31.155384063721
1711937671,"2024-04-01 02:14:31",B1130,GJ3888,0,0,340.3,121.79039764404,31.155384063721
1711937676,"2024-04-01 02:14:36",B1130,GJ3888,0,0,340.3,121.79039764404,31.155384063721
1711937682,"2024-04-01 02:14:42",B1130,GJ3888,0,0,340.3,121.79039764404,31.155384063721
1711937687,"2024-04-01 02:14:47",B1130,GJ3888,0,0,340.3,121.79039764404,31.155387878418
1711937692,"2024-04-01 02:14:52",B1130,GJ3888,0,0,340.3,121.79039764404,31.155387878418
1711937700,"2024-04-01 02:15:00",B1130,GJ3888,0,0,340.3,121.79039764404,31.155387878418
1711937706,"2024-04-01 02:15:06",B1130,GJ3888,0,0,340.3,121.79039764404,31.155387878418
1711937711,"2024-04-01 02:15:11",B1130,GJ3888,0,0,340.3,121.79039764404,31.155387878418
1711937716,"2024-04-01 02:15:16",B1130,GJ3888,0,0,340.3,121.79039764404,31.155384063721
1711937721,"2024-04-01 02:15:21",B1130,GJ3888,0,0,340.3,121.79039764404,31.155384063721
1711937730,"2024-04-01 02:15:30",B1130,GJ3888,0,0,340.3,121.79039764404,31.155384063721
1711937740,"2024-04-01 02:15:40",B1130,GJ3888,0,0,340.3,121.79039764404,31.155384063721
1711937747,"2024-04-01 02:15:47",B1130,GJ3888,0,0,340.3,121.79039764404,31.155410766602
1711937753,"2024-04-01 02:15:53",B1130,GJ3888,0,9.7,340.3,121.79034423828,31.15553855896
1711937758,"2024-04-01 02:15:58",B1130,GJ3888,0,11.6,340.3,121.7903137207,31.155597686768
1711937758,"2024-04-01 02:15:58",B1130,GJ3888,0,14.4,340.3,121.79028320312,31.155670166016
1711937762,"2024-04-01 02:16:02",B1130,GJ3888,0,15.3,340.3,121.79027557373,31.155715942383
1711937762,"2024-04-01 02:16:02",B1130,GJ3888,0,18.1,340.3,121.79022216797,31.155830383301
1711937766,"2024-04-01 02:16:06",B1130,GJ3888,0,19.9,340.3,121.79019165039,31.155935287476
1711937768,"2024-04-01 02:16:08",B1130,GJ3888,0,20.8,343.1,121.79012298584,31.156120300293
1711937768,"2024-04-01 02:16:08",B1130,GJ3888,0,20.8,343.1,121.79006958008,31.156242370605
1711937773,"2024-04-01 02:16:13",B1130,GJ3888,0,19.9,343.1,121.79004669189,31.15633392334
1711937773,"2024-04-01 02:16:13",B1130,GJ3888,0,19,340.3,121.79000091553,31.156425476074
1711937777,"2024-04-01 02:16:17",B1130,GJ3888,0,18.1,343.1,121.78997802734,31.156482696533
1711937777,"2024-04-01 02:16:17",B1130,GJ3888,0,18.1,343.1,121.78994750977,31.156585693359
1711937781,"2024-04-01 02:16:21",B1130,GJ3888,0,18.1,340.3,121.78990936279,31.156677246094
1711937781,"2024-04-01 02:16:21",B1130,GJ3888,0,17.1,343.1,121.78987121582,31.156761169434
1711937786,"2024-04-01 02:16:26",B1130,GJ3888,0,16.2,340.3,121.78984832764,31.156831741333
1711937786,"2024-04-01 02:16:26",B1130,GJ3888,0,14.4,340.3,121.78982543945,31.156894683838
1711937790,"2024-04-01 02:16:30",B1130,GJ3888,0,13.4,340.3,121.78980255127,31.156959533691
1711937790,"2024-04-01 02:16:30",B1130,GJ3888,0,13.4,340.3,121.78977966309,31.157028198242
1711937794,"2024-04-01 02:16:34",B1130,GJ3888,0,12.5,343.1,121.78974914551,31.157089233398
1711937794,"2024-04-01 02:16:34",B1130,GJ3888,0,12.5,343.1,121.78973388672,31.157133102417
1711937798,"2024-04-01 02:16:38",B1130,GJ3888,0,12.5,340.3,121.78972625732,31.157180786133
1711937798,"2024-04-01 02:16:38",B1130,GJ3888,0,12.5,340.3,121.78969573975,31.157249450684
1711937802,"2024-04-01 02:16:42",B1130,GJ3888,0,11.6,340.3,121.78966522217,31.157318115234
1711937802,"2024-04-01 02:16:42",B1130,GJ3888,0,10.6,340.3,121.78965759277,31.15735244751
1711937806,"2024-04-01 02:16:46",B1130,GJ3888,0,10.6,340.3,121.7896270752,31.157413482666
1711937806,"2024-04-01 02:16:46",B1130,GJ3888,0,10.6,340.3,121.78961181641,31.157447814941
1711937810,"2024-04-01 02:16:50",B1130,GJ3888,0,10.6,343.1,121.78957366943,31.157569885254
1711937814,"2024-04-01 02:16:54",B1130,GJ3888,0,9.7,343.1,121.78954315186,31.157615661621
1711937814,"2024-04-01 02:16:54",B1130,GJ3888,0,7.9,343.1,121.78954315186,31.157646179199
1711937818,"2024-04-01 02:16:58",B1130,GJ3888,0,2.5,343.1,121.78953552246,31.157661437988
1711937966,"2024-04-01 02:19:26",B1130,GJ3888,0,6.9,343.1,121.78948974609,31.157775878906
1711937966,"2024-04-01 02:19:26",B1130,GJ3888,0,8.8,343.1,121.7894821167,31.157821655273
1711937966,"2024-04-01 02:19:26",B1130,GJ3888,0,9.7,340.3,121.78945159912,31.157878875732
1711937971,"2024-04-01 02:19:31",B1130,GJ3888,0,11.6,340.3,121.78943634033,31.1579246521
1711937971,"2024-04-01 02:19:31",B1130,GJ3888,0,12.5,340.3,121.78941345215,31.15799331665
1711937975,"2024-04-01 02:19:35",B1130,GJ3888,0,14.4,343.1,121.78938293457,31.158050537109
1711937978,"2024-04-01 02:19:38",B1130,GJ3888,0,16.2,343.1,121.78932952881,31.158222198486
1711937982,"2024-04-01 02:19:42",B1130,GJ3888,0,17.1,343.1,121.78929901123,31.158309936523
1711937982,"2024-04-01 02:19:42",B1130,GJ3888,0,17.1,343.1,121.78925323486,31.158390045166
1711937986,"2024-04-01 02:19:46",B1130,GJ3888,0,17.1,343.1,121.78923034668,31.158472061157
1711937986,"2024-04-01 02:19:46",B1130,GJ3888,0,18.1,343.1,121.7891998291,31.1585521698
1711937990,"2024-04-01 02:19:50",B1130,GJ3888,0,18.1,340.3,121.78916168213,31.158645629883
1711937990,"2024-04-01 02:19:50",B1130,GJ3888,0,18.1,340.3,121.78913116455,31.158727645874
1711937994,"2024-04-01 02:19:54",B1130,GJ3888,0,17.1,340.3,121.78908538818,31.158828735352
1711937994,"2024-04-01 02:19:54",B1130,GJ3888,0,17.1,343.1,121.7890625,31.1589012146
1711937998,"2024-04-01 02:19:58",B1130,GJ3888,0,16.2,343.1,121.78903961182,31.158971786499
1711937998,"2024-04-01 02:19:58",B1130,GJ3888,0,16.2,343.1,121.78902435303,31.159034729004
1711938002,"2024-04-01 02:20:02",B1130,GJ3888,0,15.3,343.1,121.78897857666,31.15913772583
1711938002,"2024-04-01 02:20:02",B1130,GJ3888,0,14.4,340.3,121.78895568848,31.159194946289
1711938006,"2024-04-01 02:20:06",B1130,GJ3888,0,13.4,340.3,121.7889251709,31.15926361084
1711938006,"2024-04-01 02:20:06",B1130,GJ3888,0,12.5,340.3,121.7889175415,31.159297943115
1711938010,"2024-04-01 02:20:10",B1130,GJ3888,0,9.7,340.3,121.78888702393,31.159366607666
1711938010,"2024-04-01 02:20:10",B1130,GJ3888,0,8.8,340.3,121.78887176514,31.15940284729
1711938014,"2024-04-01 02:20:14",B1130,GJ3888,0,6,340.3,121.78887176514,31.159437179565
1711938016,"2024-04-01 02:20:16",B1130,GJ3888,0,4.2,340.3,121.78885650635,31.159469604492
1711938021,"2024-04-01 02:20:21",B1130,GJ3888,0,3.5,340.3,121.78884887695,31.159481048584
1711938021,"2024-04-01 02:20:21",B1130,GJ3888,0,3.5,340.3,121.78884124756,31.159484863281
1711938030,"2024-04-01 02:20:30",B1130,GJ3888,0,2.1,340.3,121.78880310059,31.159572601318
1711938043,"2024-04-01 02:20:43",B1130,GJ3888,0,0,243.8,121.78881835938,31.159566879272
1711938072,"2024-04-01 02:21:12",B1130,GJ3888,0,0,243.8,121.78881835938,31.159566879272
1711938078,"2024-04-01 02:21:18",B1130,GJ3888,0,0,243.8,121.78880310059,31.159572601318
1711938122,"2024-04-01 02:22:02",B1130,GJ3888,0,0,340.3,121.78880310059,31.159589767456
1711938139,"2024-04-01 02:22:19",B1130,GJ3888,0,2.5,340.3,121.78877258301,31.159658432007
1711938149,"2024-04-01 02:22:29",B1130,GJ3888,0,3,343.1,121.78874969482,31.159721374512
1711938154,"2024-04-01 02:22:34",B1130,GJ3888,0,3.5,343.1,121.78873443604,31.159767150879
1711938166,"2024-04-01 02:22:46",B1130,GJ3888,0,4.2,343.1,121.78869628906,31.159902572632
1711938173,"2024-04-01 02:22:53",B1130,GJ3888,0,5.1,343.1,121.78866577148,31.159973144531
1711938178,"2024-04-01 02:22:58",B1130,GJ3888,0,5.1,343.1,121.78865814209,31.159996032715
1711938180,"2024-04-01 02:23:00",B1130,GJ3888,0,6,343.1,121.78862762451,31.160064697266
1711938184,"2024-04-01 02:23:04",B1130,GJ3888,0,6,343.1,121.78862762451,31.160076141357
1711938184,"2024-04-01 02:23:04",B1130,GJ3888,0,6,343.1,121.78861236572,31.160112380981
1711938188,"2024-04-01 02:23:08",B1130,GJ3888,0,6,343.1,121.78860473633,31.160133361816
1711938188,"2024-04-01 02:23:08",B1130,GJ3888,0,6,343.1,121.78859710693,31.160171508789
1711938192,"2024-04-01 02:23:12",B1130,GJ3888,0,6.9,343.1,121.78856658936,31.160217285156
1711938192,"2024-04-01 02:23:12",B1130,GJ3888,0,6.9,343.1,121.78856658936,31.16024017334
1711938196,"2024-04-01 02:23:16",B1130,GJ3888,0,6.9,343.1,121.78855133057,31.16028213501
1711938196,"2024-04-01 02:23:16",B1130,GJ3888,0,6.9,343.1,121.78853607178,31.160316467285
1711938200,"2024-04-01 02:23:20",B1130,GJ3888,0,6.9,343.1,121.78851318359,31.160385131836
1711938204,"2024-04-01 02:23:24",B1130,GJ3888,0,7.9,343.1,121.78849029541,31.160461425781
1711938208,"2024-04-01 02:23:28",B1130,GJ3888,0,7.9,343.1,121.78845977783,31.160497665405
1711938208,"2024-04-01 02:23:28",B1130,GJ3888,0,7.9,343.1,121.78845977783,31.160545349121
1711938212,"2024-04-01 02:23:32",B1130,GJ3888,0,7.9,343.1,121.78842926025,31.160577774048
1711938215,"2024-04-01 02:23:35",B1130,GJ3888,0,8.8,343.1,121.78839111328,31.160694122314
1711938220,"2024-04-01 02:23:40",B1130,GJ3888,0,8.8,343.1,121.78839111328,31.160717010498
1711938220,"2024-04-01 02:23:40",B1130,GJ3888,0,8.8,343.1,121.7883605957,31.160799026489
1711938224,"2024-04-01 02:23:44",B1130,GJ3888,0,8.8,343.1,121.78834533691,31.160831451416
1711938224,"2024-04-01 02:23:44",B1130,GJ3888,0,9.7,343.1,121.78832244873,31.160888671875
1711938228,"2024-04-01 02:23:48",B1130,GJ3888,0,9.7,343.1,121.78832244873,31.160903930664
1711938228,"2024-04-01 02:23:48",B1130,GJ3888,0,9.7,343.1,121.78829193115,31.160974502563
1711938233,"2024-04-01 02:23:53",B1130,GJ3888,0,8.8,343.1,121.78828430176,31.161026000977
1711938233,"2024-04-01 02:23:53",B1130,GJ3888,0,7.9,343.1,121.78826904297,31.161066055298
1711938237,"2024-04-01 02:23:57",B1130,GJ3888,0,6,343.1,121.78825378418,31.161094665527
1711938237,"2024-04-01 02:23:57",B1130,GJ3888,0,6,343.1,121.78823852539,31.161125183105
1711938241,"2024-04-01 02:24:01",B1130,GJ3888,0,6,343.1,121.7882232666,31.161140441895
1711938241,"2024-04-01 02:24:01",B1130,GJ3888,0,6,340.3,121.78821563721,31.161172866821
1711938245,"2024-04-01 02:24:05",B1130,GJ3888,0,6,340.3,121.78820037842,31.161207199097
1711938245,"2024-04-01 02:24:05",B1130,GJ3888,0,6,340.3,121.78820037842,31.161218643188
1711938249,"2024-04-01 02:24:09",B1130,GJ3888,0,6,340.3,121.78816986084,31.161266326904
1711938249,"2024-04-01 02:24:09",B1130,GJ3888,0,6,337.5,121.78815460205,31.16130065918
1711938253,"2024-04-01 02:24:13",B1130,GJ3888,0,6.9,337.5,121.78814697266,31.161323547363
1711938253,"2024-04-01 02:24:13",B1130,GJ3888,0,6.9,337.5,121.78813171387,31.161357879639
1711938257,"2024-04-01 02:24:17",B1130,GJ3888,0,6.9,334.7,121.78810119629,31.161392211914
1711938257,"2024-04-01 02:24:17",B1130,GJ3888,0,6.9,334.7,121.78810882568,31.161403656006
1711938257,"2024-04-01 02:24:17",B1130,GJ3888,0,7.9,334.7,121.78807830811,31.161462783813
1711938262,"2024-04-01 02:24:22",B1130,GJ3888,0,7.9,334.7,121.78804779053,31.161497116089
1711938262,"2024-04-01 02:24:22",B1130,GJ3888,0,7.9,334.7,121.78804779053,31.161508560181
1711938266,"2024-04-01 02:24:26",B1130,GJ3888,0,7.9,329.1,121.78800964355,31.161556243896
1711938266,"2024-04-01 02:24:26",B1130,GJ3888,0,8.8,323.4,121.78797149658,31.161586761475
1711938270,"2024-04-01 02:24:30",B1130,GJ3888,0,8.8,315,121.78793334961,31.161609649658
1711938270,"2024-04-01 02:24:30",B1130,GJ3888,0,8.8,303.8,121.78787994385,31.161632537842
1711938275,"2024-04-01 02:24:35",B1130,GJ3888,0,8.8,292.5,121.78782653809,31.161632537842
1711938277,"2024-04-01 02:24:37",B1130,GJ3888,0,9.7,270,121.78770446777,31.161613464355
1711938281,"2024-04-01 02:24:41",B1130,GJ3888,0,9.7,264.4,121.78765106201,31.161602020264
1711938281,"2024-04-01 02:24:41",B1130,GJ3888,0,8.8,258.8,121.78760528564,31.161590576172
1711938285,"2024-04-01 02:24:45",B1130,GJ3888,0,7.9,258.8,121.78758239746,31.161586761475
1711938288,"2024-04-01 02:24:48",B1130,GJ3888,0,6,253.1,121.78747558594,31.161552429199
1711938293,"2024-04-01 02:24:53",B1130,GJ3888,0,5.1,253.1,121.78744506836,31.161556243896
1711938296,"2024-04-01 02:24:56",B1130,GJ3888,0,4.2,253.1,121.78736877441,31.161529541016
1711938301,"2024-04-01 02:25:01",B1130,GJ3888,0,2.5,253.1,121.78734588623,31.161521911621
1711938318,"2024-04-01 02:25:18",B1130,GJ3888,0,0,253.1,121.78735351562,31.161529541016
1711938328,"2024-04-01 02:25:28",B1130,GJ3888,0,0,253.1,121.78734588623,31.161521911621
1711938337,"2024-04-01 02:25:37",B1130,GJ3888,0,6.9,250.3,121.78723907471,31.161485671997
1711938345,"2024-04-01 02:25:45",B1130,GJ3888,0,15.3,253.1,121.78693389893,31.161403656006
1711938350,"2024-04-01 02:25:50",B1130,GJ3888,0,15.3,253.1,121.78691101074,31.161405563354
1711938350,"2024-04-01 02:25:50",B1130,GJ3888,0,16.2,250.3,121.78674316406,31.161357879639
1711938354,"2024-04-01 02:25:54",B1130,GJ3888,0,16.2,250.3,121.78673553467,31.161346435547
1711938354,"2024-04-01 02:25:54",B1130,GJ3888,0,16.2,250.3,121.78647613525,31.161277770996
1711938359,"2024-04-01 02:25:59",B1130,GJ3888,0,16.2,250.3,121.78636932373,31.161243438721
1711938359,"2024-04-01 02:25:59",B1130,GJ3888,0,16.2,250.3,121.78630065918,31.161218643188
1711938363,"2024-04-01 02:26:03",B1130,GJ3888,0,15.3,250.3,121.78626251221,31.161209106445
1711938374,"2024-04-01 02:26:14",B1130,GJ3888,0,9.7,191.2,121.78605651855,31.160985946655
1711938386,"2024-04-01 02:26:26",B1130,GJ3888,0,3.5,163.1,121.78614044189,31.160774230957
1711938478,"2024-04-01 02:27:58",B1130,GJ3888,182.88,294,162,121.7963180542,31.133880615234
1711938493,"2024-04-01 02:28:13",B1130,GJ3888,342.9,288.912,160,121.79953765869,31.125480651855
1711938508,"2024-04-01 02:28:28",B1130,GJ3888,502,294.3,164.3,121.80344390869,31.115003585815
1711938523,"2024-04-01 02:28:43",B1130,GJ3888,647.7,307.432,166,121.80679321289,31.103830337524
1711938538,"2024-04-01 02:28:58",B1130,GJ3888,800,314.2,163.9,121.81031036377,31.092752456665
1711938553,"2024-04-01 02:29:13",B1130,GJ3888,960.12,316.692,163,121.81436920166,31.08065032959
1711938568,"2024-04-01 02:29:28",B1130,GJ3888,1066.8,344.472,164,121.81816101074,31.069059371948
1711938583,"2024-04-01 02:29:43",B1130,GJ3888,1143,382.9,164.3,121.82232666016,31.056060791016
1711938598,"2024-04-01 02:29:58",B1130,GJ3888,1219.2,418.552,164,121.82723236084,31.041030883789
1711938613,"2024-04-01 02:30:13",B1130,GJ3888,1280,430.9,173.1,121.83145904541,31.025297164917
1711938628,"2024-04-01 02:30:28",B1130,GJ3888,1356.36,429.664,196,121.82920837402,31.009189605713
1711938643,"2024-04-01 02:30:43",B1130,GJ3888,1447,453.4,220.2,121.81920623779,30.994525909424
1711938658,"2024-04-01 02:30:58",B1130,GJ3888,1470.66,474.112,245,121.80332183838,30.984649658203
1711938673,"2024-04-01 02:31:13",B1130,GJ3888,1470.66,485.224,253,121.78355407715,30.979164123535
1711938688,"2024-04-01 02:31:28",B1130,GJ3888,1485,482.6,252.1,121.76357269287,30.973663330078
1711938703,"2024-04-01 02:31:43",B1130,GJ3888,1630.68,488.928,252,121.74350738525,30.968040466309
1711938718,"2024-04-01 02:31:58",B1130,GJ3888,1790,503.1,263.7,121.72225189209,30.963708877563
1711938733,"2024-04-01 02:32:13",B1130,GJ3888,1935.48,507.448,280,121.69996643066,30.964920043945
1711938747,"2024-04-01 02:32:27",B1130,GJ3888,2103,511.4,282.1,121.67742919922,30.969202041626
1711938762,"2024-04-01 02:32:42",B1130,GJ3888,2232.66,520.412,282,121.65807342529,30.972749710083
1711938777,"2024-04-01 02:32:57",B1130,GJ3888,2392.68,522.264,282,121.63507843018,30.976959228516
1711938792,"2024-04-01 02:33:12",B1130,GJ3888,2537.46,522.264,283,121.6134262085,30.980895996094
1711938807,"2024-04-01 02:33:27",B1130,GJ3888,2697.48,529.672,282,121.5912399292,30.984983444214
1711938822,"2024-04-01 02:33:42",B1130,GJ3888,2926.08,529.672,282,121.56835174561,30.989229202271
1711938837,"2024-04-01 02:33:57",B1130,GJ3888,3147.06,533.376,282,121.54586791992,30.993360519409
1711938852,"2024-04-01 02:34:12",B1130,GJ3888,3246.12,564.86,282,121.52230072021,30.997644424438
1711938867,"2024-04-01 02:34:27",B1130,GJ3888,3329.94,600.048,282,121.49662017822,31.002319335938
1711938882,"2024-04-01 02:34:42",B1130,GJ3888,3413.76,637.088,282,121.47044372559,31.007141113281
1711938897,"2024-04-01 02:34:57",B1130,GJ3888,3589.02,651.904,283,121.44303894043,31.012260437012
1711938912,"2024-04-01 02:35:12",B1130,GJ3888,3710.94,666.72,282,121.41446685791,31.017660140991
1711938928,"2024-04-01 02:35:28",B1130,GJ3888,3779.52,670.424,282,121.38659667969,31.022872924805
1711938942,"2024-04-01 02:35:42",B1130,GJ3888,3863.34,681.536,283,121.35713195801,31.0283203125
1711938957,"2024-04-01 02:35:57",B1130,GJ3888,3901.44,692.648,283,121.32772827148,31.033720016479
1711938972,"2024-04-01 02:36:12",B1130,GJ3888,3901.44,698.204,282,121.2982711792,31.039077758789
1711938987,"2024-04-01 02:36:27",B1130,GJ3888,3954,698.5,281.9,121.26808166504,31.044523239136
1711939002,"2024-04-01 02:36:42",B1130,GJ3888,4107.18,703.76,282,121.23854827881,31.049879074097
1711939017,"2024-04-01 02:36:57",B1130,GJ3888,4259.58,711.168,282,121.20742034912,31.055509567261
1711939032,"2024-04-01 02:37:12",B1130,GJ3888,4419.6,714.872,282,121.17698669434,31.061000823975
1711939047,"2024-04-01 02:37:27",B1130,GJ3888,4549.14,714.872,276,121.14597320557,31.065380096436
1711939062,"2024-04-01 02:37:42",B1130,GJ3888,4625.34,711.168,266,121.11563873291,31.065099716187
1711939077,"2024-04-01 02:37:57",B1130,GJ3888,4701.54,703.76,255,121.08586883545,31.060270309448
1711939092,"2024-04-01 02:38:12",B1130,GJ3888,4777.74,703.76,254,121.05621337891,31.052949905396
1711939107,"2024-04-01 02:38:27",B1130,GJ3888,4785.36,707.464,254,121.02614593506,31.045623779297
1711939122,"2024-04-01 02:38:42",B1130,GJ3888,4785.36,709.316,254,120.99671936035,31.038429260254
1711939137,"2024-04-01 02:38:57",B1130,GJ3888,4785.36,707.464,254,120.96594238281,31.030790328979
1711939152,"2024-04-01 02:39:12",B1130,GJ3888,4785.36,707.464,254,120.93647766113,31.023513793945
1711939167,"2024-04-01 02:39:27",B1130,GJ3888,4785.36,707.464,254,120.90669250488,31.016052246094
1711939182,"2024-04-01 02:39:42",B1130,GJ3888,4785.36,707.464,254,120.87773132324,31.008865356445
1711939197,"2024-04-01 02:39:57",B1130,GJ3888,4785.36,705.612,255,120.84851074219,31.001600265503
1711939212,"2024-04-01 02:40:12",B1130,GJ3888,4785.36,707.464,254,120.81902313232,30.994262695312
1711939227,"2024-04-01 02:40:27",B1130,GJ3888,4884.42,709.316,254,120.78890991211,30.986705780029
1711939242,"2024-04-01 02:40:42",B1130,GJ3888,5036.82,714.872,254,120.75816345215,30.979019165039
1711939257,"2024-04-01 02:40:57",B1130,GJ3888,5196.84,718.576,254,120.72886657715,30.971759796143
1711939272,"2024-04-01 02:41:12",B1130,GJ3888,5341,721,253.9,120.70041656494,30.964687347412
1711939287,"2024-04-01 02:41:27",B1130,GJ3888,5509.26,722.28,254,120.66860198975,30.956769943237
1711939302,"2024-04-01 02:41:42",B1130,GJ3888,5661.66,724.132,254,120.63801574707,30.94909286499
1711939317,"2024-04-01 02:41:57",B1130,GJ3888,5821.68,727.836,254,120.60791015625,30.941530227661
1711939332,"2024-04-01 02:42:12",B1130,GJ3888,5974.08,733.392,254,120.57775115967,30.933961868286
1711939347,"2024-04-01 02:42:27",B1130,GJ3888,6126.48,731.54,254,120.54698944092,30.926229476929
1711939362,"2024-04-01 02:42:42",B1130,GJ3888,6286.5,731.54,254,120.51516723633,30.918230056763
1711939377,"2024-04-01 02:42:57",B1130,GJ3888,6438.9,740.8,254,120.48535919189,30.91068649292
1711939392,"2024-04-01 02:43:12",B1130,GJ3888,6568.44,751.912,247,120.45420837402,30.901290893555
1711939407,"2024-04-01 02:43:27",B1130,GJ3888,6690.36,766.728,231,120.42701721191,30.886249542236
1711939422,"2024-04-01 02:43:42",B1130,GJ3888,6804.66,781.544,218,120.40377807617,30.86450958252
1711939437,"2024-04-01 02:43:57",B1130,GJ3888,6918.96,779.692,216,120.38394927979,30.840299606323
1711939452,"2024-04-01 02:44:12",B1130,GJ3888,7033.26,777.84,216,120.36422729492,30.816509246826
1711939467,"2024-04-01 02:44:27",B1130,GJ3888,7147.56,777.84,216,120.34467315674,30.792940139771
1711939482,"2024-04-01 02:44:42",B1130,GJ3888,7261.86,785.248,216,120.32495880127,30.769180297852
1711939497,"2024-04-01 02:44:57",B1130,GJ3888,7376.16,790.804,216,120.30535888672,30.745470046997
1711939512,"2024-04-01 02:45:12",B1130,GJ3888,7498.08,794.508,216,120.28472900391,30.720470428467
1711939527,"2024-04-01 02:45:27",B1130,GJ3888,7612.38,800.064,216,120.26470184326,30.696029663086
1711939542,"2024-04-01 02:45:42",B1130,GJ3888,7726.68,807.472,216,120.2449798584,30.671949386597
1711939557,"2024-04-01 02:45:57",B1130,GJ3888,7848.6,807.472,216,120.2241973877,30.646589279175
1711939572,"2024-04-01 02:46:12",B1130,GJ3888,7962.9,794.508,216,120.20455169678,30.622529983521
1711939587,"2024-04-01 02:46:27",B1130,GJ3888,8077.2,794.508,216,120.18454742432,30.597990036011
1711939772,"2024-04-01 02:49:32",B1130,GJ3888,9174.48,813.028,205,119.98352050781,30.268800735474
1711939787,"2024-04-01 02:49:47",B1130,GJ3888,9174.48,805.62,210,119.96872711182,30.244100570679
1711939802,"2024-04-01 02:50:02",B1130,GJ3888,9174.48,805.62,210,119.95043182373,30.216550827026
1711939817,"2024-04-01 02:50:17",B1130,GJ3888,9174.48,807.472,210,119.93389892578,30.191450119019
1711939828,"2024-04-01 02:50:28",B1130,GJ3888,9174.48,805.62,210,119.92236328125,30.173999786377
1711939842,"2024-04-01 02:50:42",B1130,GJ3888,9174.48,805.62,210,119.90473175049,30.147310256958
1711939857,"2024-04-01 02:50:57",B1130,GJ3888,9174.48,803.768,210,119.88733673096,30.120990753174
1711939872,"2024-04-01 02:51:12",B1130,GJ3888,9174.48,807.472,210,119.86968231201,30.094390869141
1711939887,"2024-04-01 02:51:27",B1130,GJ3888,9174.48,805.62,211,119.85292816162,30.06921005249
1711939902,"2024-04-01 02:51:42",B1130,GJ3888,9174.48,805.62,211,119.83525848389,30.042709350586
1711939917,"2024-04-01 02:51:57",B1130,GJ3888,9174.48,800.064,216,119.81613922119,30.017530441284
1711939932,"2024-04-01 02:52:12",B1130,GJ3888,9174.48,801.916,217,119.79547119141,29.993190765381
1711939947,"2024-04-01 02:52:27",B1130,GJ3888,9174.48,803.768,217,119.77471160889,29.968839645386
1711939962,"2024-04-01 02:52:42",B1130,GJ3888,9174.48,807.472,217,119.7540512085,29.944519042969
1711939977,"2024-04-01 02:52:57",B1130,GJ3888,9174.48,807.472,217,119.73358154297,29.920440673828
1711939992,"2024-04-01 02:53:12",B1130,GJ3888,9174.48,809.324,217,119.7131729126,29.896310806274
1711940007,"2024-04-01 02:53:27",B1130,GJ3888,9174.48,809.324,217,119.69178771973,29.87108039856
1711940022,"2024-04-01 02:53:42",B1130,GJ3888,9174.48,809.324,217,119.67147827148,29.847150802612
1711940037,"2024-04-01 02:53:57",B1130,GJ3888,9174.48,811.176,217,119.65087890625,29.822710037231
1711940052,"2024-04-01 02:54:12",B1130,GJ3888,9174.48,811.176,217,119.62937164307,29.797199249268
1711940067,"2024-04-01 02:54:27",B1130,GJ3888,9174.48,811.176,217,119.60920715332,29.773359298706
1711940082,"2024-04-01 02:54:42",B1130,GJ3888,9174.48,813.028,217,119.58834838867,29.748600006104
1711940097,"2024-04-01 02:54:57",B1130,GJ3888,9174.48,813.028,217,119.56803131104,29.72439956665
1711940112,"2024-04-01 02:55:12",B1130,GJ3888,9174.48,811.176,217,119.54740905762,29.699939727783
1711940127,"2024-04-01 02:55:27",B1130,GJ3888,9174.48,811.176,217,119.52629089355,29.674850463867
1711940142,"2024-04-01 02:55:42",B1130,GJ3888,9174.48,807.472,218,119.50566864014,29.650419235229
1711940157,"2024-04-01 02:55:57",B1130,GJ3888,9174.48,800.064,223,119.48307800293,29.627559661865
1711940172,"2024-04-01 02:56:12",B1130,GJ3888,9174.48,790.804,229,119.45767974854,29.606479644775
1711940187,"2024-04-01 02:56:27",B1130,GJ3888,9174.48,792.656,228,119.43316650391,29.587230682373
1711940202,"2024-04-01 02:56:42",B1130,GJ3888,9174.48,792.656,228,119.40812683105,29.567499160767
1711940217,"2024-04-01 02:56:57",B1130,GJ3888,9174.48,792.656,228,119.38256072998,29.547260284424
1711940232,"2024-04-01 02:57:12",B1130,GJ3888,9174.48,794.508,229,119.35720825195,29.527309417725
1711940247,"2024-04-01 02:57:27",B1130,GJ3888,9174.48,794.508,229,119.33196258545,29.50745010376
1711940262,"2024-04-01 02:57:42",B1130,GJ3888,9174.48,794.508,229,119.30661010742,29.487579345703
1711940277,"2024-04-01 02:57:57",B1130,GJ3888,9174.48,792.656,229,119.28105163574,29.467580795288
1711940292,"2024-04-01 02:58:12",B1130,GJ3888,9174.48,779.692,242,119.25373840332,29.451320648193
1711940307,"2024-04-01 02:58:27",B1130,GJ3888,9174.48,770.432,254,119.22241973877,29.44061088562
1711940322,"2024-04-01 02:58:42",B1130,GJ3888,9174.48,770.432,258,119.19029998779,29.434370040894
1711940337,"2024-04-01 02:58:57",B1130,GJ3888,9174.48,770.432,258,119.1575012207,29.427930831909
1711940352,"2024-04-01 02:59:12",B1130,GJ3888,9174.48,770.432,257,119.12609863281,29.421529769897
1711940367,"2024-04-01 02:59:27",B1130,GJ3888,9174.48,777.84,247,119.0941696167,29.411470413208
1711940382,"2024-04-01 02:59:42",B1130,GJ3888,9174.48,787.1,238,119.0650177002,29.397129058838
1711940397,"2024-04-01 02:59:57",B1130,GJ3888,9174.48,792.656,231,119.03735351562,29.3782787323
1711940412,"2024-04-01 03:00:12",B1130,GJ3888,9174.48,792.656,231,119.01167297363,29.360179901123
1711940427,"2024-04-01 03:00:27",B1130,GJ3888,9174.48,792.656,232,118.9849395752,29.341419219971
1711940442,"2024-04-01 03:00:42",B1130,GJ3888,9174.48,792.656,232,118.95867156982,29.32287979126
1711940457,"2024-04-01 03:00:57",B1130,GJ3888,9174.48,792.656,231,118.93286132812,29.304609298706
1711940472,"2024-04-01 03:01:12",B1130,GJ3888,9174.48,794.508,228,118.9061126709,29.283689498901
1711940487,"2024-04-01 03:01:27",B1130,GJ3888,9174.48,792.656,228,118.88195037842,29.264560699463
1711940502,"2024-04-01 03:01:42",B1130,GJ3888,9174.48,792.656,228,118.856590271,29.244369506836
1711940517,"2024-04-01 03:01:57",B1130,GJ3888,9174.48,792.656,228,118.83125305176,29.224239349365
1711940533,"2024-04-01 03:02:13",B1130,GJ3888,9174.48,792.656,228,118.80680084229,29.204690933228
1711940547,"2024-04-01 03:02:27",B1130,GJ3888,9174.48,790.804,228,118.78179931641,29.184770584106
1711940562,"2024-04-01 03:02:42",B1130,GJ3888,9174.48,790.804,228,118.75676727295,29.164810180664
1711940577,"2024-04-01 03:02:57",B1130,GJ3888,9174.48,788.952,228,118.73126220703,29.144390106201
1711940592,"2024-04-01 03:03:12",B1130,GJ3888,9174.48,788.952,228,118.70436859131,29.122880935669
1711940607,"2024-04-01 03:03:27",B1130,GJ3888,9174.48,788.952,228,118.68176269531,29.104749679565
1711940622,"2024-04-01 03:03:42",B1130,GJ3888,9174.48,788.952,228,118.65699005127,29.084880828857
1711940637,"2024-04-01 03:03:57",B1130,GJ3888,9174.48,788.952,228,118.631690979,29.064510345459
1711940652,"2024-04-01 03:04:12",B1130,GJ3888,9174.48,788.952,228,118.6067276001,29.044500350952
1711940667,"2024-04-01 03:04:27",B1130,GJ3888,9174.48,788.952,228,118.58203887939,29.024690628052
1711940682,"2024-04-01 03:04:42",B1130,GJ3888,9174.48,790.804,228,118.55653381348,29.004230499268
1711940697,"2024-04-01 03:04:57",B1130,GJ3888,9174.48,788.952,228,118.53176116943,28.984310150146
1711940712,"2024-04-01 03:05:12",B1130,GJ3888,9174.48,790.804,228,118.50730133057,28.964719772339
1711940727,"2024-04-01 03:05:27",B1130,GJ3888,9174.48,792.656,228,118.48249053955,28.944780349731
1711940742,"2024-04-01 03:05:42",B1130,GJ3888,9174.48,792.656,228,118.45749664307,28.924669265747
1711940757,"2024-04-01 03:05:57",B1130,GJ3888,9174.48,792.656,228,118.43208312988,28.904239654541
1711940772,"2024-04-01 03:06:12",B1130,GJ3888,9174.48,796.36,228,118.40692901611,28.883989334106
1711940787,"2024-04-01 03:06:27",B1130,GJ3888,9174.48,796.36,228,118.38172149658,28.863689422607
1711940802,"2024-04-01 03:06:42",B1130,GJ3888,9174.48,798.212,228,118.35693359375,28.843730926514
1711940817,"2024-04-01 03:06:57",B1130,GJ3888,9174.48,798.212,228,118.33180236816,28.823469161987
1711940832,"2024-04-01 03:07:12",B1130,GJ3888,9174.48,798.212,228,118.30638122559,28.802989959717
1711940847,"2024-04-01 03:07:27",B1130,GJ3888,9174.48,798.212,228,118.28122711182,28.782690048218
1711940862,"2024-04-01 03:07:42",B1130,GJ3888,9174.48,798.212,228,118.25630187988,28.762529373169
1711940877,"2024-04-01 03:07:57",B1130,GJ3888,9174.48,796.36,228,118.23055267334,28.741630554199
1711940892,"2024-04-01 03:08:12",B1130,GJ3888,9174.48,796.36,228,118.20588684082,28.721710205078
1711940907,"2024-04-01 03:08:27",B1130,GJ3888,9174.48,794.508,228,118.18087768555,28.701459884644
1711940922,"2024-04-01 03:08:42",B1130,GJ3888,9174.48,792.656,228,118.15585327148,28.681230545044
1711940937,"2024-04-01 03:08:57",B1130,GJ3888,9174.48,792.656,228,118.13139343262,28.661449432373
1711940952,"2024-04-01 03:09:12",B1130,GJ3888,9174.48,792.656,228,118.10674285889,28.641450881958
1711940967,"2024-04-01 03:09:27",B1130,GJ3888,9174.48,790.804,228,118.08152770996,28.620990753174
1711940982,"2024-04-01 03:09:42",B1130,GJ3888,9174.48,788.952,228,118.057472229,28.601419448853
1711940997,"2024-04-01 03:09:57",B1130,GJ3888,9174.48,787.1,228,118.03205108643,28.580699920654
1711941012,"2024-04-01 03:10:12",B1130,GJ3888,9174.48,783.396,228,118.00827026367,28.561429977417
1711941027,"2024-04-01 03:10:27",B1130,GJ3888,9174.48,783.396,228,117.98285675049,28.540740966797
1711941041,"2024-04-01 03:10:41",B1130,GJ3888,9174.48,783.396,228,117.95787811279,28.520370483398
1711941056,"2024-04-01 03:10:56",B1130,GJ3888,9174.48,779.692,228,117.93521881104,28.501930236816
1711941071,"2024-04-01 03:11:11",B1130,GJ3888,9174.48,779.692,228,117.91092681885,28.482189178467
1711941086,"2024-04-01 03:11:26",B1130,GJ3888,9174.48,777.84,227,117.88710021973,28.462690353394
1711941101,"2024-04-01 03:11:41",B1130,GJ3888,9174.48,777.84,227,117.86016845703,28.439989089966
1711941116,"2024-04-01 03:11:56",B1130,GJ3888,9174.48,777.84,226,117.83814239502,28.421220779419
1711941131,"2024-04-01 03:12:11",B1130,GJ3888,9174.48,777.84,226,117.81630706787,28.402500152588
1711941146,"2024-04-01 03:12:26",B1130,GJ3888,9174.48,779.692,226,117.79164123535,28.381359100342
1711941161,"2024-04-01 03:12:41",B1130,GJ3888,9174.48,781.544,227,117.76757049561,28.360790252686
1711941176,"2024-04-01 03:12:56",B1130,GJ3888,9174.48,785.248,227,117.74069213867,28.337949752808
1711941191,"2024-04-01 03:13:11",B1130,GJ3888,9174.48,783.396,227,117.71867370605,28.319259643555
1711941206,"2024-04-01 03:13:26",B1130,GJ3888,9174.48,783.396,227,117.69479370117,28.299039840698
1711941221,"2024-04-01 03:13:41",B1130,GJ3888,9174.48,781.544,227,117.67054748535,28.278440475464
1711941236,"2024-04-01 03:13:56",B1130,GJ3888,9174.48,781.544,227,117.64826202393,28.259540557861
1711941251,"2024-04-01 03:14:11",B1130,GJ3888,9174.48,781.544,227,117.62204742432,28.237279891968
1711941266,"2024-04-01 03:14:26",B1130,GJ3888,9174.48,783.396,227,117.59879302979,28.217449188232
1711941281,"2024-04-01 03:14:41",B1130,GJ3888,9174.48,787.1,227,117.57657623291,28.198610305786
1711941296,"2024-04-01 03:14:56",B1130,GJ3888,9174.48,787.1,227,117.55101776123,28.176910400391
1711941311,"2024-04-01 03:15:11",B1130,GJ3888,9174.48,788.952,227,117.52855682373,28.157730102539
1711941326,"2024-04-01 03:15:26",B1130,GJ3888,9174.48,788.952,227,117.50389862061,28.136640548706
1711941341,"2024-04-01 03:15:41",B1130,GJ3888,9174.48,788.952,227,117.47891998291,28.115249633789
1711941356,"2024-04-01 03:15:56",B1130,GJ3888,9174.48,788.952,227,117.45455932617,28.09441947937
1711941371,"2024-04-01 03:16:11",B1130,GJ3888,9174.48,790.804,227,117.43151092529,28.074769973755
1711941386,"2024-04-01 03:16:26",B1130,GJ3888,9174.48,790.804,227,117.40528869629,28.05233001709
1711941401,"2024-04-01 03:16:41",B1130,GJ3888,9174.48,790.804,226,117.37803649902,28.029010772705
1711941416,"2024-04-01 03:16:56",B1130,GJ3888,9174.48,790.804,226,117.35855102539,28.012300491333
1711941431,"2024-04-01 03:17:11",B1130,GJ3888,9174.48,788.952,227,117.33522033691,27.992279052734
1711941446,"2024-04-01 03:17:26",B1130,GJ3888,9174.48,774.136,226,117.30995178223,27.970640182495
1711941461,"2024-04-01 03:17:41",B1130,GJ3888,9174.48,768.58,226,117.28761291504,27.951459884644
1711941476,"2024-04-01 03:17:56",B1130,GJ3888,9174.48,764.876,227,117.2633972168,27.930860519409
1711941491,"2024-04-01 03:18:11",B1130,GJ3888,9174.48,764.876,226,117.24196624756,27.912490844727
1711941506,"2024-04-01 03:18:26",B1130,GJ3888,9174.48,764.876,226,117.21717834473,27.891130447388
1711941521,"2024-04-01 03:18:41",B1130,GJ3888,9174.48,764.876,226,117.19525909424,27.872270584106
1711941536,"2024-04-01 03:18:56",B1130,GJ3888,9174.48,763.024,226,117.17188262939,27.852109909058
1711941551,"2024-04-01 03:19:11",B1130,GJ3888,9174.48,763.024,226,117.14893341064,27.832399368286
1711941566,"2024-04-01 03:19:26",B1130,GJ3888,9174.48,761.172,226,117.12487030029,27.811609268188
1711941581,"2024-04-01 03:19:41",B1130,GJ3888,9174.48,759.32,226,117.1029510498,27.792709350586
1711941596,"2024-04-01 03:19:56",B1130,GJ3888,9174.48,759.32,226,117.0798034668,27.772750854492
1711941607,"2024-04-01 03:20:07",B1130,GJ3888,9174.48,759.32,226,117.06434631348,27.759429931641
1711941621,"2024-04-01 03:20:21",B1130,GJ3888,9174.48,757.468,226,117.0412902832,27.739559173584
1711941636,"2024-04-01 03:20:36",B1130,GJ3888,9174.48,755.616,226,117.01782226562,27.719329833984
1711941651,"2024-04-01 03:20:51",B1130,GJ3888,9174.48,753.764,225.78815,116.99429321289,27.699100494385
1711941666,"2024-04-01 03:21:06",B1130,GJ3888,9174.48,751.912,226,116.97247314453,27.680240631104
1711941681,"2024-04-01 03:21:21",B1130,GJ3888,9174.48,751.912,226,116.94966888428,27.66058921814
1711941696,"2024-04-01 03:21:36",B1130,GJ3888,9174.48,750.06,226,116.92331695557,27.637830734253
1711941711,"2024-04-01 03:21:51",B1130,GJ3888,9174.48,748.208,226,116.90048980713,27.618120193481
1711941726,"2024-04-01 03:22:06",B1130,GJ3888,9174.48,748.208,226,116.88191223145,27.601890563965
1711941741,"2024-04-01 03:22:21",B1130,GJ3888,9174.48,748.208,226,116.85810089111,27.581089019775
1711941756,"2024-04-01 03:22:36",B1130,GJ3888,9174.48,748.208,227,116.83689880371,27.562730789185
1711941771,"2024-04-01 03:22:51",B1130,GJ3888,9174.48,750.06,227,116.81307220459,27.542310714722
1711941791,"2024-04-01 03:23:11",B1130,GJ3888,9174.48,755.616,227,116.78270721436,27.516609191895
1711941806,"2024-04-01 03:23:26",B1130,GJ3888,9174.48,755.616,227,116.7600479126,27.497409820557
1711941821,"2024-04-01 03:23:41",B1130,GJ3888,9174.48,755.616,227,116.73696899414,27.477739334106
1711941836,"2024-04-01 03:23:56",B1130,GJ3888,9174.48,755.616,227,116.71240997314,27.456649780273
1711941851,"2024-04-01 03:24:11",B1130,GJ3888,9174.48,755.616,226,116.69117736816,27.438400268555
1711941866,"2024-04-01 03:24:26",B1130,GJ3888,9174.48,755.616,227,116.66687774658,27.417549133301
1711941881,"2024-04-01 03:24:41",B1130,GJ3888,9174.48,755.616,227,116.64511108398,27.398899078369
1711941896,"2024-04-01 03:24:56",B1130,GJ3888,9174.48,755.616,227,116.62119293213,27.378259658813
1711941911,"2024-04-01 03:25:11",B1130,GJ3888,9174.48,755.616,227,116.59832000732,27.358610153198
1711941926,"2024-04-01 03:25:26",B1130,GJ3888,9174.48,755.616,227,116.57576751709,27.339290618896
1711941941,"2024-04-01 03:25:41",B1130,GJ3888,9174.48,755.616,226,116.55216217041,27.318990707397
1711941956,"2024-04-01 03:25:56",B1130,GJ3888,9174.48,755.616,227,116.53095245361,27.300800323486
1711941971,"2024-04-01 03:26:11",B1130,GJ3888,9174.48,755.616,226,116.50052642822,27.274610519409
1711941986,"2024-04-01 03:26:26",B1130,GJ3888,9174.48,755.616,227,116.48487854004,27.261150360107
1711942001,"2024-04-01 03:26:41",B1130,GJ3888,9174.48,753.764,228,116.46141815186,27.241670608521
1711942016,"2024-04-01 03:26:56",B1130,GJ3888,9174.48,751.912,228,116.43827819824,27.222719192505
1711942031,"2024-04-01 03:27:11",B1130,GJ3888,9174.48,751.912,228,116.41519927979,27.203870773315
1711942046,"2024-04-01 03:27:26",B1130,GJ3888,9174.48,751.912,228,116.39042663574,27.183570861816
1711942061,"2024-04-01 03:27:41",B1130,GJ3888,9174.48,750.06,228,116.36818695068,27.165229797363
1711942076,"2024-04-01 03:27:56",B1130,GJ3888,9174.48,750.06,228,116.34562683105,27.146530151367
1711942091,"2024-04-01 03:28:11",B1130,GJ3888,9174.48,750.06,228,116.32202911377,27.126970291138
1711942106,"2024-04-01 03:28:26",B1130,GJ3888,9174.48,748.208,228,116.29795074463,27.10703086853
1711942121,"2024-04-01 03:28:41",B1130,GJ3888,9174.48,748.208,228,116.27591705322,27.088750839233
1711942136,"2024-04-01 03:28:56",B1130,GJ3888,9174.48,748.208,228,116.25296783447,27.069759368896
1711942151,"2024-04-01 03:29:11",B1130,GJ3888,9174.48,748.208,228,116.22846221924,27.049390792847
1711942166,"2024-04-01 03:29:26",B1130,GJ3888,9174.48,748.208,228,116.20323944092,27.028369903564
1711942181,"2024-04-01 03:29:41",B1130,GJ3888,9174.48,748.208,228,116.18353271484,27.011989593506
1711942196,"2024-04-01 03:29:56",B1130,GJ3888,9174.48,748.208,228,116.15627288818,26.989379882812
1711942211,"2024-04-01 03:30:11",B1130,GJ3888,9174.48,750.06,228,116.13780212402,26.974090576172
1711942226,"2024-04-01 03:30:26",B1130,GJ3888,9174.48,753.764,228,116.11486816406,26.955099105835
1711942241,"2024-04-01 03:30:41",B1130,GJ3888,9174.48,753.764,228,116.09030914307,26.934659957886
1711942256,"2024-04-01 03:30:56",B1130,GJ3888,9174.48,753.764,228,116.06812286377,26.91628074646
1711942271,"2024-04-01 03:31:11",B1130,GJ3888,9174.48,755.616,228,116.04441070557,26.896490097046
1711942286,"2024-04-01 03:31:26",B1130,GJ3888,9174.48,753.764,227,116.02111816406,26.877069473267
1711942301,"2024-04-01 03:31:41",B1130,GJ3888,9174.48,755.616,228,115.99629211426,26.856359481812
1711942316,"2024-04-01 03:31:56",B1130,GJ3888,9174.48,755.616,228,115.97505950928,26.838720321655
1711942331,"2024-04-01 03:32:11",B1130,GJ3888,9174.48,755.616,227,115.95234680176,26.819719314575
1711942346,"2024-04-01 03:32:26",B1130,GJ3888,9174.48,759.32,227,115.92350769043,26.795560836792
1711942361,"2024-04-01 03:32:41",B1130,GJ3888,9174.48,761.172,228,115.90496826172,26.780059814453
1711942381,"2024-04-01 03:33:01",B1130,GJ3888,9174.48,761.172,228,115.87138366699,26.752359390259
1711942396,"2024-04-01 03:33:16",B1130,GJ3888,9174.48,761.172,228,115.8515625,26.736099243164
1711942411,"2024-04-01 03:33:31",B1130,GJ3888,9174.48,759.32,228,115.82662963867,26.71563911438
1711942426,"2024-04-01 03:33:46",B1130,GJ3888,9174.48,761.172,228,115.80409240723,26.697099685669
1711942441,"2024-04-01 03:34:01",B1130,GJ3888,9174.48,761.172,228,115.78040313721,26.677600860596
1711942456,"2024-04-01 03:34:16",B1130,GJ3888,9174.48,761.172,228,115.75749969482,26.658699035645
1711942471,"2024-04-01 03:34:31",B1130,GJ3888,9174.48,757.468,228,115.73320007324,26.638679504395
1711942486,"2024-04-01 03:34:46",B1130,GJ3888,9174.48,757.468,228,115.7103805542,26.619779586792
1711942501,"2024-04-01 03:35:01",B1130,GJ3888,9174.48,755.616,228,115.68536376953,26.599039077759
1711942516,"2024-04-01 03:35:16",B1130,GJ3888,9174.48,753.764,228,115.66458892822,26.581840515137
1711942531,"2024-04-01 03:35:31",B1130,GJ3888,9174.48,751.912,228,115.64115905762,26.562469482422
1711942546,"2024-04-01 03:35:46",B1130,GJ3888,9174.48,751.912,228,115.61737060547,26.54282951355
1711942560,"2024-04-01 03:36:00",B1130,GJ3888,9174.48,753.764,223,115.59487915039,26.5224609375
1711942575,"2024-04-01 03:36:15",B1130,GJ3888,9174.48,750.06,223,115.57570648193,26.503509521484
1711942590,"2024-04-01 03:36:30",B1130,GJ3888,9174.48,750.06,223,115.55513000488,26.483179092407
1711942605,"2024-04-01 03:36:45",B1130,GJ3888,9174.48,751.912,223,115.53392028809,26.462249755859
1711942620,"2024-04-01 03:37:00",B1130,GJ3888,9174.48,751.912,223,115.51258087158,26.441249847412
1711942635,"2024-04-01 03:37:15",B1130,GJ3888,9174.48,751.912,223,115.49134063721,26.420379638672
1711942650,"2024-04-01 03:37:30",B1130,GJ3888,9174.48,751.912,223,115.46878814697,26.398099899292
1711942665,"2024-04-01 03:37:45",B1130,GJ3888,9174.48,748.208,223,115.44702911377,26.376640319824
1711942680,"2024-04-01 03:38:00",B1130,GJ3888,9174.48,748.208,223,115.42684936523,26.356670379639
1711942695,"2024-04-01 03:38:15",B1130,GJ3888,9174.48,748.208,223,115.40625,26.336280822754
1711942710,"2024-04-01 03:38:30",B1130,GJ3888,9174.48,746.356,223,115.38513183594,26.315330505371
1711942725,"2024-04-01 03:38:45",B1130,GJ3888,9174.48,744.504,223,115.36505126953,26.295499801636
1711942740,"2024-04-01 03:39:00",B1130,GJ3888,9174.48,742.652,223,115.34307861328,26.273899078369
1711942755,"2024-04-01 03:39:15",B1130,GJ3888,9174.48,740.8,223,115.32312011719,26.254209518433
1711942770,"2024-04-01 03:39:30",B1130,GJ3888,9174.48,738.948,223,115.30255126953,26.233840942383
1711942785,"2024-04-01 03:39:45",B1130,GJ3888,9182.1,738.948,223,115.28063201904,26.212099075317
1711942800,"2024-04-01 03:40:00",B1130,GJ3888,9174.48,740.8,223,115.26052093506,26.192230224609
1711942815,"2024-04-01 03:40:15",B1130,GJ3888,9174.48,738.948,223,115.23896026611,26.170850753784
1711942830,"2024-04-01 03:40:30",B1130,GJ3888,9174.48,738.948,223,115.219581604,26.151630401611
1711942845,"2024-04-01 03:40:45",B1130,GJ3888,9174.48,740.8,223,115.19877624512,26.131029129028
1711942860,"2024-04-01 03:41:00",B1130,GJ3888,9174.48,738.948,223,115.17775726318,26.11017036438
1711942875,"2024-04-01 03:41:15",B1130,GJ3888,9174.48,740.8,223,115.15676879883,26.089279174805
1711942890,"2024-04-01 03:41:30",B1130,GJ3888,9174.48,738.948,223,115.13661193848,26.069160461426
1711942905,"2024-04-01 03:41:45",B1130,GJ3888,9174.48,738.948,223,115.11617279053,26.048910140991
1711942920,"2024-04-01 03:42:00",B1130,GJ3888,9174.48,738.948,223,115.09516143799,26.028030395508
1711942935,"2024-04-01 03:42:15",B1130,GJ3888,9174.48,737.096,223,115.07395935059,26.006879806519
1711942950,"2024-04-01 03:42:30",B1130,GJ3888,9174.48,738.948,223,115.05328369141,25.986240386963
1711942965,"2024-04-01 03:42:45",B1130,GJ3888,9174.48,738.948,223,115.03282165527,25.965810775757
1711942980,"2024-04-01 03:43:00",B1130,GJ3888,9174.48,740.8,223,115.01190948486,25.944959640503
1711942995,"2024-04-01 03:43:15",B1130,GJ3888,9174.48,738.948,223,114.99120330811,25.924350738525
1711943010,"2024-04-01 03:43:30",B1130,GJ3888,9174.48,738.948,223,114.97065734863,25.90385055542
1711943025,"2024-04-01 03:43:45",B1130,GJ3888,9174.48,740.8,223,114.9500579834,25.883230209351
1711943040,"2024-04-01 03:44:00",B1130,GJ3888,9174.48,740.8,222,114.93067169189,25.863689422607
1711943055,"2024-04-01 03:44:15",B1130,GJ3888,9174.48,738.948,222,114.90717315674,25.84008026123
1711943070,"2024-04-01 03:44:30",B1130,GJ3888,9174.48,738.948,222,114.8879699707,25.820760726929
1711943085,"2024-04-01 03:44:45",B1130,GJ3888,9174.48,738.948,223,114.86770629883,25.800430297852
1711943100,"2024-04-01 03:45:00",B1130,GJ3888,9174.48,737.096,223,114.8480682373,25.780820846558
1711943115,"2024-04-01 03:45:15",B1130,GJ3888,9174.48,738.948,222,114.82768249512,25.76024055481
1711943130,"2024-04-01 03:45:30",B1130,GJ3888,9174.48,737.096,222,114.80718231201,25.739500045776
1711943145,"2024-04-01 03:45:45",B1130,GJ3888,9174.48,737.096,222,114.78687286377,25.718900680542
1711943160,"2024-04-01 03:46:00",B1130,GJ3888,9174.48,735.244,222,114.76634216309,25.698169708252
1711943175,"2024-04-01 03:46:15",B1130,GJ3888,9174.48,733.392,222,114.743019104,25.674440383911
1711943190,"2024-04-01 03:46:30",B1130,GJ3888,9174.48,731.54,222,114.72525024414,25.656290054321
1711943205,"2024-04-01 03:46:45",B1130,GJ3888,9174.48,737.096,216,114.7064666748,25.634450912476
1711943220,"2024-04-01 03:47:00",B1130,GJ3888,9174.48,735.244,215,114.68891906738,25.61123085022
1711943235,"2024-04-01 03:47:15",B1130,GJ3888,9174.48,737.096,215,114.67202758789,25.588930130005
1711943250,"2024-04-01 03:47:30",B1130,GJ3888,9174.48,738.948,215,114.65544891357,25.567140579224
1711943265,"2024-04-01 03:47:45",B1130,GJ3888,9144,737.096,215,114.63785552979,25.544128417969
1711943280,"2024-04-01 03:48:00",B1130,GJ3888,9022.08,740.8,215,114.62036132812,25.521287918091
1711943295,"2024-04-01 03:48:15",B1130,GJ3888,8915.4,737.096,215,114.60271453857,25.498352050781
1711943312,"2024-04-01 03:48:32",B1130,GJ3888,8778.24,737.096,215,114.58196258545,25.471439361572
1711943327,"2024-04-01 03:48:47",B1130,GJ3888,8656.32,727.836,215,114.56340789795,25.447128295898
1711943348,"2024-04-01 03:49:08",B1130,GJ3888,8473.44,725.984,215,114.5373916626,25.41309928894
1711943368,"2024-04-01 03:49:28",B1130,GJ3888,8359.14,716.724,215,114.51970672607,25.389907836914
1711943392,"2024-04-01 03:49:52",B1130,GJ3888,8191.5,725.984,215,114.49457550049,25.357086181641
1711943411,"2024-04-01 03:50:11",B1130,GJ3888,8039.1,725.984,215,114.47168731689,25.3271484375
1711943436,"2024-04-01 03:50:36",B1130,GJ3888,7856.22,733.392,215,114.44287109375,25.289363861084
1711943449,"2024-04-01 03:50:49",B1130,GJ3888,7749.54,729.688,215,114.42682647705,25.268280029297
1711943457,"2024-04-01 03:50:57",B1130,GJ3888,7574.28,725.984,214.5054,114.40048217773,25.233594894409
1711943474,"2024-04-01 03:51:14",B1130,GJ3888,7459.98,718.576,214.48283,114.38455963135,25.212661743164
1711943490,"2024-04-01 03:51:30",B1130,GJ3888,7429.5,718.576,214.48283,114.37993621826,25.206573486328
1711943513,"2024-04-01 03:51:53",B1130,GJ3888,7170.42,698.204,215,114.34244537354,25.157363891602
1711943537,"2024-04-01 03:52:17",B1130,GJ3888,7071.36,698.204,215,114.32834625244,25.138814926147
1711943543,"2024-04-01 03:52:23",B1130,GJ3888,6934.2,698.204,214.82169,114.30898284912,25.113327026367
1711943566,"2024-04-01 03:52:46",B1130,GJ3888,6873.24,698.204,214.82169,114.30003356934,25.101470947266
1711943590,"2024-04-01 03:53:10",B1130,GJ3888,6812.28,696.352,215,114.29097747803,25.089561462402
1711943601,"2024-04-01 03:53:21",B1130,GJ3888,6690.36,696.352,215,114.27325439453,25.066192626953
1711943605,"2024-04-01 03:53:25",B1130,GJ3888,6553.2,694.5,215,114.25444030762,25.041658401489
1711943621,"2024-04-01 03:53:41",B1130,GJ3888,6400.8,692.648,215,114.23360443115,25.014312744141
1711943635,"2024-04-01 03:53:55",B1130,GJ3888,6301.74,692.648,215,114.21926116943,24.995315551758
1711943664,"2024-04-01 03:54:24",B1130,GJ3888,6416.04,688.944,214,114.19188690186,24.958560943604
1711943675,"2024-04-01 03:54:35",B1130,GJ3888,5905.5,681.536,214.08386,114.16494750977,24.922857284546
1711943688,"2024-04-01 03:54:48",B1130,GJ3888,5806.44,677.832,214.30376,114.15074920654,24.903991699219
1711943705,"2024-04-01 03:55:05",B1130,GJ3888,5684.52,670.424,214.4318,114.13330078125,24.880966186523
1711943723,"2024-04-01 03:55:23",B1130,GJ3888,5547.36,670.424,214.48984,114.11539459229,24.85725402832
1711943735,"2024-04-01 03:55:35",B1130,GJ3888,5448.3,663.016,214.65881,114.1028137207,24.840740203857
1711943747,"2024-04-01 03:55:47",B1130,GJ3888,5364.48,663.016,214.7823,114.09140777588,24.825796127319
1711943868,"2024-04-01 03:57:48",B1130,GJ3888,4541.52,653.756,215,113.97496795654,24.671489715576
1711943883,"2024-04-01 03:58:03",B1130,GJ3888,4488.18,650.052,215,113.96475982666,24.657880783081
1711943898,"2024-04-01 03:58:18",B1130,GJ3888,4419.6,651.904,215,113.94921112061,24.637069702148
1711943913,"2024-04-01 03:58:33",B1130,GJ3888,4328.16,648.2,215,113.931640625,24.613609313965
1711943927,"2024-04-01 03:58:47",B1130,GJ3888,4267.2,648.2,215,113.91963195801,24.597610473633
1711943942,"2024-04-01 03:59:02",B1130,GJ3888,4198.62,648.2,215,113.90518188477,24.578430175781
1711943957,"2024-04-01 03:59:17",B1130,GJ3888,4114.8,644.496,215,113.89002227783,24.558330535889
1711943972,"2024-04-01 03:59:32",B1130,GJ3888,4046.22,642.644,215,113.87506866455,24.538240432739
1711943987,"2024-04-01 03:59:47",B1130,GJ3888,3962.4,637.088,215,113.85929870605,24.517269134521
1711944002,"2024-04-01 04:00:02",B1130,GJ3888,3886.2,622.272,215,113.84532165527,24.498689651489
1711944017,"2024-04-01 04:00:17",B1130,GJ3888,3802.38,613.012,215,113.83010864258,24.478500366211
1711944032,"2024-04-01 04:00:32",B1130,GJ3888,3726.18,596.344,215,113.81690979004,24.460920333862
1711944047,"2024-04-01 04:00:47",B1130,GJ3888,3642.36,577.824,215,113.80368804932,24.443279266357
1711944062,"2024-04-01 04:01:02",B1130,GJ3888,3550.92,559.304,215,113.79032897949,24.425399780273
1711944077,"2024-04-01 04:01:17",B1130,GJ3888,3467.1,540.784,215,113.77758026123,24.408269882202
1711944157,"2024-04-01 04:02:37",B1130,GJ3888,3291.84,514.856,215,113.71420288086,24.31875038147
1711944496,"2024-04-01 04:08:16",B1130,GJ3888,1684.02,468.556,186,113.65367126465,23.913980484009
1711944538,"2024-04-01 04:08:58",B1130,GJ3888,1516.38,448.184,230,113.62351226807,23.875429153442
1711944571,"2024-04-01 04:09:31",B1130,GJ3888,1516.38,416.7,230,113.59443664551,23.852670669556
1711944586,"2024-04-01 04:09:46",B1130,GJ3888,1485.9,416.7,230,113.58296966553,23.843669891357
1711944601,"2024-04-01 04:10:01",B1130,GJ3888,1409.7,422.256,231,113.56955718994,23.833490371704
1711944616,"2024-04-01 04:10:16",B1130,GJ3888,1341.12,424.108,232,113.55600738525,23.823390960693
1711944631,"2024-04-01 04:10:31",B1130,GJ3888,1272.54,422.256,232,113.54267883301,23.813600540161
1711944646,"2024-04-01 04:10:46",B1130,GJ3888,1211.58,424.108,231,113.52848815918,23.802980422974
1711944661,"2024-04-01 04:11:01",B1130,GJ3888,1211.58,416.7,232,113.51551818848,23.793319702148
1711944676,"2024-04-01 04:11:16",B1130,GJ3888,1219.2,424.108,232,113.50244903564,23.783710479736
1711944691,"2024-04-01 04:11:31",B1130,GJ3888,1219.2,424.108,232,113.48886871338,23.773639678955
1711944706,"2024-04-01 04:11:46",B1130,GJ3888,1219.2,422.256,231,113.47514343262,23.763429641724
1711944720,"2024-04-01 04:12:00",B1130,GJ3888,1203.96,424.108,231,113.46186065674,23.753450393677
1711944738,"2024-04-01 04:12:18",B1130,GJ3888,1143,420.404,224,113.44777679443,23.740989685059
1711944788,"2024-04-01 04:13:08",B1130,GJ3888,982.98,414.848,218,113.40921783447,23.697509765625
1711944823,"2024-04-01 04:13:43",B1130,GJ3888,944.88,390.772,200,113.38938140869,23.668579101562
1711944838,"2024-04-01 04:13:58",B1130,GJ3888,944.88,381.512,196,113.38558959961,23.656820297241
1711944853,"2024-04-01 04:14:13",B1130,GJ3888,944.88,375.956,196,113.38124847412,23.642349243164
1711944868,"2024-04-01 04:14:28",B1130,GJ3888,952.5,377.808,195,113.37786865234,23.629169464111
1711944883,"2024-04-01 04:14:43",B1130,GJ3888,952.5,377.808,195,113.37442779541,23.615299224854
1711944898,"2024-04-01 04:14:58",B1130,GJ3888,960.12,375.956,195,113.37040710449,23.601890563965
1711944913,"2024-04-01 04:15:13",B1130,GJ3888,952.5,362.992,195,113.36679840088,23.58842086792
1711944928,"2024-04-01 04:15:28",B1130,GJ3888,952.5,329.656,195,113.36348724365,23.576019287109
1711944943,"2024-04-01 04:15:43",B1130,GJ3888,952.5,303.728,195,113.36023712158,23.563930511475
1711944958,"2024-04-01 04:15:58",B1130,GJ3888,922.02,294.468,196,113.35735321045,23.553289413452
1711944973,"2024-04-01 04:16:13",B1130,GJ3888,853.44,281.504,194,113.35443878174,23.542440414429
1711944988,"2024-04-01 04:16:28",B1130,GJ3888,792.48,259.28,195,113.35193634033,23.533220291138
1711945003,"2024-04-01 04:16:43",B1130,GJ3888,746.76,255.576,195,113.34935760498,23.523590087891
1711945018,"2024-04-01 04:16:58",B1130,GJ3888,701.04,259.28,195,113.34686279297,23.514419555664
1711945033,"2024-04-01 04:17:13",B1130,GJ3888,640.08,259.28,195,113.34435272217,23.50484085083
1711945048,"2024-04-01 04:17:28",B1130,GJ3888,579.12,259.28,195,113.34169769287,23.495410919189
1711945063,"2024-04-01 04:17:43",B1130,GJ3888,525.78,257.428,194,113.33925628662,23.48616027832
1711945078,"2024-04-01 04:17:58",B1130,GJ3888,472.44,259.28,195,113.33660888672,23.476459503174
1711945093,"2024-04-01 04:18:13",B1130,GJ3888,419.1,257.428,194,113.33400726318,23.467069625854
1711945108,"2024-04-01 04:18:28",B1130,GJ3888,365.76,255.576,194,113.3314666748,23.457460403442
1711945123,"2024-04-01 04:18:43",B1130,GJ3888,312.42,257.428,195,113.328956604,23.448179244995
1711945138,"2024-04-01 04:18:58",B1130,GJ3888,259.08,262.984,194,113.32642364502,23.438629150391
1711945153,"2024-04-01 04:19:13",B1130,GJ3888,205.74,262.984,194,113.32382202148,23.429210662842
1711945168,"2024-04-01 04:19:28",B1130,GJ3888,152.4,261.132,194,113.32122802734,23.41955947876
1711945183,"2024-04-01 04:19:43",B1130,GJ3888,83.82,275.948,195,113.31802368164,23.407680511475
1711945197,"2024-04-01 04:19:57",B1130,GJ3888,38.1,272.244,195,113.31533050537,23.397710800171
1711945213,"2024-04-01 04:20:13",B1130,GJ3888,30.48,214.832,195,113.31349945068,23.391010284424
1711945238,"2024-04-01 04:20:38",B1130,GJ3888,0,55.56,194,113.31153106689,23.383670806885
1711945249,"2024-04-01 04:20:49",B1130,GJ3888,0,46.3,210,113.31102752686,23.382570266724
1711945262,"2024-04-01 04:21:02",B1130,GJ3888,0,40.744,222,113.31009674072,23.381479263306
1711945275,"2024-04-01 04:21:15",B1130,GJ3888,0,27.78,222,113.30918884277,23.380540847778
1711945289,"2024-04-01 04:21:29",B1130,GJ3888,0,14.816,239,113.30867767334,23.380130767822
1711945303,"2024-04-01 04:21:43",B1130,GJ3888,0,14.816,267,113.30828094482,23.380039215088
1711945318,"2024-04-01 04:21:58",B1130,GJ3888,0,29.632,284,113.30725860596,23.380220413208
1711945333,"2024-04-01 04:22:13",B1130,GJ3888,0,33.336,284,113.30602264404,23.3805103302
1711945348,"2024-04-01 04:22:28",B1130,GJ3888,0,22.224,278,113.30503845215,23.380729675293
1711945363,"2024-04-01 04:22:43",B1130,GJ3888,0,16.668,202,113.30458831787,23.380310058594
1711945378,"2024-04-01 04:22:58",B1130,GJ3888,0,20.372,194,113.30442047119,23.379690170288
1711945393,"2024-04-01 04:23:13",B1130,GJ3888,0,24.076,194,113.30413818359,23.37866973877
1711945407,"2024-04-01 04:23:27",B1130,GJ3888,0,20.372,244,113.30378723145,23.378240585327
1711945421,"2024-04-01 04:23:41",B1130,GJ3888,0,24.076,284,113.30299377441,23.378360748291
