Time,"UTC TIME",Anum,Fnum,Height,Speed,Angle,Longitude,Latitude
1708827335,"2024-02-25 02:15:35",B1242,CZ3548,-106.68,268.54,358,121.3323135376,31.201900482178
1708827346,"2024-02-25 02:15:46",B1242,CZ3548,-7.62,275.948,357,121.33196258545,31.208759307861
1708827361,"2024-02-25 02:16:01",B1242,CZ3548,167.64,281.504,359,121.33130645752,31.218814849854
1708827375,"2024-02-25 02:16:15",B1242,CZ3548,358.14,270.392,326,121.32816314697,31.228546142578
1708827386,"2024-02-25 02:16:26",B1242,CZ3548,495,269,300.6,121.3224029541,31.232734680176
1708827400,"2024-02-25 02:16:40",B1242,CZ3548,723.9,264.836,301,121.31211090088,31.237659454346
1708827416,"2024-02-25 02:16:56",B1242,CZ3548,899,283,300.3,121.3023147583,31.242645263672
1708827430,"2024-02-25 02:17:10",B1242,CZ3548,990.6,333.36,299,121.28981781006,31.248689651489
1708827446,"2024-02-25 02:17:26",B1242,CZ3548,1036.32,368.548,299,121.27656555176,31.254959106445
1708827460,"2024-02-25 02:17:40",B1242,CZ3548,1082.04,381.512,299,121.26207733154,31.261869430542
1708827475,"2024-02-25 02:17:55",B1242,CZ3548,1127.76,385.216,298,121.24703979492,31.268951416016
1708827490,"2024-02-25 02:18:10",B1242,CZ3548,1181.1,400.032,276,121.23056030273,31.272954940796
1708827501,"2024-02-25 02:18:21",B1242,CZ3548,1211.58,409.292,262,121.21867370605,31.272583007812
1708827515,"2024-02-25 02:18:35",B1242,CZ3548,1264.92,459.296,242,121.20143890381,31.267360687256
1708827516,"2024-02-25 02:18:36",B1242,CZ3548,1280.16,475.964,236,121.19622802734,31.264528274536
1708827531,"2024-02-25 02:18:51",B1242,CZ3548,1318.26,490.78,233,121.18398284912,31.25657081604
1708827544,"2024-02-25 02:19:04",B1242,CZ3548,1348.74,500.04,234,121.16656494141,31.245721817017
1708827559,"2024-02-25 02:19:19",B1242,CZ3548,1348.74,496.336,234,121.15019226074,31.235387802124
1708827570,"2024-02-25 02:19:30",B1242,CZ3548,1356.36,503.744,231,121.13832855225,31.22770690918
1708827585,"2024-02-25 02:19:45",B1242,CZ3548,1501.14,518.56,207,121.12481689453,31.212530136108
1708827599,"2024-02-25 02:19:59",B1242,CZ3548,1729,533.4,184.8,121.11959838867,31.195539474487
1708827614,"2024-02-25 02:20:14",B1242,CZ3548,2004.06,548.192,178,121.12027740479,31.1732006073
1708827629,"2024-02-25 02:20:29",B1242,CZ3548,2240,550.6,177.5,121.12120056152,31.15283203125
1708827645,"2024-02-25 02:20:45",B1242,CZ3548,2423.16,531.524,177,121.12233734131,31.132740020752
1708827659,"2024-02-25 02:20:59",B1242,CZ3548,2567.94,522.264,190,121.12119293213,31.112440109253
1708827660,"2024-02-25 02:21:00",B1242,CZ3548,2613.66,522.264,193,121.11995697021,31.107696533203
1708827674,"2024-02-25 02:21:14",B1242,CZ3548,2735.58,518.56,205,121.11437988281,31.094150543213
1708827689,"2024-02-25 02:21:29",B1242,CZ3548,2842.26,524.116,219,121.10246276855,31.077440261841
1708827704,"2024-02-25 02:21:44",B1242,CZ3548,2987,523.4,233.8,121.08576202393,31.064401626587
1708827719,"2024-02-25 02:21:59",B1242,CZ3548,3116.58,525.968,250,121.06529998779,31.055370330811
1708827734,"2024-02-25 02:22:14",B1242,CZ3548,3208.02,544.488,254,121.04283905029,31.049789428711
1708827745,"2024-02-25 02:22:25",B1242,CZ3548,3268.98,555.6,254,121.02698516846,31.045827865601
1708827759,"2024-02-25 02:22:39",B1242,CZ3548,3383.28,572.268,254,121.00347137451,31.039949417114
1708827770,"2024-02-25 02:22:50",B1242,CZ3548,3459,583.8,254,120.98860931396,31.036239624023
1708827784,"2024-02-25 02:23:04",B1242,CZ3548,3634.74,598.196,254,120.96269989014,31.029880523682
1708827800,"2024-02-25 02:23:20",B1242,CZ3548,3863.34,596.344,255,120.93772125244,31.023809432983
1708827814,"2024-02-25 02:23:34",B1242,CZ3548,4107.18,598.196,255,120.9126663208,31.01775932312
1708827830,"2024-02-25 02:23:50",B1242,CZ3548,4274.82,611.16,254,120.88729095459,31.011470794678
1708827844,"2024-02-25 02:24:04",B1242,CZ3548,4442,622.5,253.9,120.86378479004,31.005699157715
1708827859,"2024-02-25 02:24:19",B1242,CZ3548,4678.68,625.976,253,120.83483123779,30.998439788818
1708827874,"2024-02-25 02:24:34",B1242,CZ3548,4884.42,629.68,254,120.80841064453,30.991744995117
1708827889,"2024-02-25 02:24:49",B1242,CZ3548,5113.02,629.68,254,120.78187561035,30.985029220581
1708827900,"2024-02-25 02:25:00",B1242,CZ3548,5273.04,625.976,254,120.76457214355,30.980667114258
1708827914,"2024-02-25 02:25:14",B1242,CZ3548,5524.5,620.42,254,120.73888397217,30.974166870117
1708827929,"2024-02-25 02:25:29",B1242,CZ3548,5737.86,618.568,255,120.71266174316,30.967758178711
1708827944,"2024-02-25 02:25:44",B1242,CZ3548,5928.36,625.976,254,120.68605041504,30.961259841919
1708827959,"2024-02-25 02:25:59",B1242,CZ3548,6004.56,640.792,254,120.65965270996,30.954677581787
1708827974,"2024-02-25 02:26:14",B1242,CZ3548,6088.38,644.496,254,120.63333129883,30.948070526123
1708827989,"2024-02-25 02:26:29",B1242,CZ3548,6195.06,640.792,254,120.60665130615,30.941270828247
1708828004,"2024-02-25 02:26:44",B1242,CZ3548,6309.36,640.792,254,120.57894134521,30.934160232544
1708828019,"2024-02-25 02:26:59",B1242,CZ3548,6416.04,640.792,254,120.55269622803,30.927490234375
1708828030,"2024-02-25 02:27:10",B1242,CZ3548,6492.24,640.792,254,120.53517913818,30.923120498657
1708828044,"2024-02-25 02:27:24",B1242,CZ3548,6583.68,640.792,255,120.50785064697,30.916349411011
1708828059,"2024-02-25 02:27:39",B1242,CZ3548,6614.16,648.2,254,120.48062896729,30.909620285034
1708828070,"2024-02-25 02:27:50",B1242,CZ3548,6614.16,648.2,252,120.46282958984,30.904949188232
1708828085,"2024-02-25 02:28:05",B1242,CZ3548,6614.16,668.572,237,120.43541717529,30.892860412598
1708828100,"2024-02-25 02:28:20",B1242,CZ3548,6614.16,688.944,224,120.41465759277,30.877210617065
1708828114,"2024-02-25 02:28:34",B1242,CZ3548,6614.16,705.612,216,120.39614868164,30.856269836426
1708828125,"2024-02-25 02:28:45",B1242,CZ3548,6629.4,701.908,216,120.38474273682,30.842290878296
1708828139,"2024-02-25 02:28:59",B1242,CZ3548,6736.08,692.648,215,120.36728668213,30.820819854736
1708828140,"2024-02-25 02:29:00",B1242,CZ3548,6758.94,688.944,215,120.3631362915,30.815689086914
1708828154,"2024-02-25 02:29:14",B1242,CZ3548,6873.24,685.24,215,120.34967803955,30.799072265625
1708828169,"2024-02-25 02:29:29",B1242,CZ3548,7018.02,681.536,215,120.33303833008,30.778701782227
1708828184,"2024-02-25 02:29:44",B1242,CZ3548,7170.42,681.536,216,120.31575012207,30.757965087891
1708828195,"2024-02-25 02:29:55",B1242,CZ3548,7269.48,685.24,216,120.30413818359,30.743890762329
1708828209,"2024-02-25 02:30:09",B1242,CZ3548,7429.5,690.796,216,120.2868270874,30.722749710083
1708828220,"2024-02-25 02:30:20",B1242,CZ3548,7536.18,692.648,216,120.27493286133,30.708160400391
1708828234,"2024-02-25 02:30:34",B1242,CZ3548,7688.58,696.352,215,120.25779724121,30.687059402466
1708828250,"2024-02-25 02:30:50",B1242,CZ3548,7825.74,698.204,216,120.24034881592,30.666090011597
1708828264,"2024-02-25 02:31:04",B1242,CZ3548,7947.66,707.464,216,120.22229003906,30.644500732422
1708828280,"2024-02-25 02:31:20",B1242,CZ3548,8061.96,714.872,216,120.20426940918,30.622667312622
1708828294,"2024-02-25 02:31:34",B1242,CZ3548,8168.64,722.28,216,120.18623352051,30.600860595703
1708828310,"2024-02-25 02:31:50",B1242,CZ3548,8252.46,731.54,216,120.16786193848,30.578609466553
1708828324,"2024-02-25 02:32:04",B1242,CZ3548,8336.28,731.54,217,120.14906311035,30.555631637573
1708828339,"2024-02-25 02:32:19",B1242,CZ3548,8404.86,700.056,227,120.12763977051,30.535427093506
1708828354,"2024-02-25 02:32:34",B1242,CZ3548,8404.86,681.536,238,120.10426330566,30.520294189453
1708828369,"2024-02-25 02:32:49",B1242,CZ3548,8412.48,692.648,246,120.07792663574,30.508707046509
1708828384,"2024-02-25 02:33:04",B1242,CZ3548,8412.48,722.28,238,120.05084228516,30.496719360352
1708828395,"2024-02-25 02:33:15",B1242,CZ3548,8404.86,740.8,232,120.0337600708,30.486129760742
1708828409,"2024-02-25 02:33:29",B1242,CZ3548,8404.86,770.432,222,120.00997924805,30.466623306274
1708828424,"2024-02-25 02:33:44",B1242,CZ3548,8404.86,794.508,213,119.98938751221,30.442979812622
1708828425,"2024-02-25 02:33:45",B1242,CZ3548,8412.48,801.916,210,119.98477172852,30.436269760132
1708828439,"2024-02-25 02:33:59",B1242,CZ3548,8404.86,800.064,210,119.97212982178,30.417049407959
1708828455,"2024-02-25 02:34:15",B1242,CZ3548,8404.86,792.656,210,119.95498657227,30.391120910645
1708828469,"2024-02-25 02:34:29",B1242,CZ3548,8404.86,790.804,210,119.93817901611,30.365650177002
1708828485,"2024-02-25 02:34:45",B1242,CZ3548,8412.48,788.952,210,119.92012786865,30.338329315186
1708828499,"2024-02-25 02:34:59",B1242,CZ3548,8412.48,788.952,210,119.90390777588,30.313840866089
1708828510,"2024-02-25 02:35:10",B1242,CZ3548,8412.48,788.952,210,119.89266967773,30.296859741211
1708828524,"2024-02-25 02:35:24",B1242,CZ3548,8412.48,788.952,210,119.87534332275,30.270690917969
1708828540,"2024-02-25 02:35:40",B1242,CZ3548,8412.48,788.952,210,119.85809326172,30.244619369507
1708828554,"2024-02-25 02:35:54",B1242,CZ3548,8412.48,788.952,210,119.84156036377,30.219820022583
1708828570,"2024-02-25 02:36:10",B1242,CZ3548,8412.48,788.952,210,119.82398223877,30.193269729614
1708828584,"2024-02-25 02:36:24",B1242,CZ3548,8404.86,787.1,210,119.80716705322,30.167940139771
1708828600,"2024-02-25 02:36:40",B1242,CZ3548,8412.48,788.952,210,119.79029083252,30.142459869385
1708828613,"2024-02-25 02:36:53",B1242,CZ3548,8412.48,788.952,210,119.77435302734,30.118469238281
1708828624,"2024-02-25 02:37:04",B1242,CZ3548,8412.48,792.656,210,119.76271820068,30.100940704346
1708828638,"2024-02-25 02:37:18",B1242,CZ3548,8404.86,792.656,210,119.74569702148,30.075349807739
1708828649,"2024-02-25 02:37:29",B1242,CZ3548,8404.86,790.804,211,119.73449707031,30.058549880981
1708828663,"2024-02-25 02:37:43",B1242,CZ3548,8404.86,792.656,211,119.71710205078,30.032680511475
1708828664,"2024-02-25 02:37:44",B1242,CZ3548,8412.48,792.656,211,119.71279907227,30.026330947876
1708828678,"2024-02-25 02:37:58",B1242,CZ3548,8412.48,792.656,211,119.70011138916,30.007480621338
1708828693,"2024-02-25 02:38:13",B1242,CZ3548,8404.86,792.656,211,119.68269348145,29.981550216675
1708828707,"2024-02-25 02:38:27",B1242,CZ3548,8412.48,792.656,211,119.66652679443,29.957569122314
1708828722,"2024-02-25 02:38:42",B1242,CZ3548,8404.86,792.656,211,119.64929962158,29.931840896606
1708828737,"2024-02-25 02:38:57",B1242,CZ3548,8412.48,790.804,211,119.631690979,29.905670166016
1708828738,"2024-02-25 02:38:58",B1242,CZ3548,8412.48,787.1,212,119.62705993652,29.899059295654
1708828752,"2024-02-25 02:39:12",B1242,CZ3548,8412.48,785.248,213,119.6137008667,29.880340576172
1708828767,"2024-02-25 02:39:27",B1242,CZ3548,8412.48,781.544,214,119.59565734863,29.856140136719
1708828782,"2024-02-25 02:39:42",B1242,CZ3548,8412.48,781.544,214,119.57643127441,29.831558227539
1708828783,"2024-02-25 02:39:43",B1242,CZ3548,8412.48,781.544,215,119.5721282959,29.826070785522
1708828797,"2024-02-25 02:39:57",B1242,CZ3548,8404.86,783.396,215,119.55754852295,29.807420730591
1708828808,"2024-02-25 02:40:08",B1242,CZ3548,8412.48,783.396,215,119.54514312744,29.791530609131
1708828823,"2024-02-25 02:40:23",B1242,CZ3548,8412.48,783.396,215,119.52613067627,29.767179489136
1708828837,"2024-02-25 02:40:37",B1242,CZ3548,8404.86,781.544,215,119.506690979,29.742649078369
1708828852,"2024-02-25 02:40:52",B1242,CZ3548,8404.86,785.248,215,119.48767852783,29.718580245972
1708828863,"2024-02-25 02:41:03",B1242,CZ3548,8412.48,785.248,214,119.47496795654,29.702379226685
1708828878,"2024-02-25 02:41:18",B1242,CZ3548,8412.48,775.988,219,119.45523834229,29.67892074585
1708828892,"2024-02-25 02:41:32",B1242,CZ3548,8412.48,764.876,224,119.43354034424,29.657089233398
1708828907,"2024-02-25 02:41:47",B1242,CZ3548,8412.48,757.468,228,119.4100189209,29.636920928955
1708828923,"2024-02-25 02:42:03",B1242,CZ3548,8404.86,755.616,229,119.38562774658,29.617860794067
1708828937,"2024-02-25 02:42:17",B1242,CZ3548,8412.48,753.764,228,119.36166381836,29.598979949951
1708828952,"2024-02-25 02:42:32",B1242,CZ3548,8404.86,746.356,228,119.3374786377,29.579849243164
1708828967,"2024-02-25 02:42:47",B1242,CZ3548,8404.86,740.8,228,119.31410980225,29.561370849609
1708828978,"2024-02-25 02:42:58",B1242,CZ3548,8404.86,740.8,228,119.29847717285,29.549060821533
1708828992,"2024-02-25 02:43:12",B1242,CZ3548,8412.48,740.8,228,119.27487182617,29.530429840088
1708829003,"2024-02-25 02:43:23",B1242,CZ3548,8412.48,740.8,228,119.25863647461,29.517610549927
1708829017,"2024-02-25 02:43:37",B1242,CZ3548,8412.48,740.8,229,119.2349395752,29.49893951416
1708829028,"2024-02-25 02:43:48",B1242,CZ3548,8404.86,740.8,229,119.21302032471,29.481670379639
1708829042,"2024-02-25 02:44:02",B1242,CZ3548,8412.48,740.8,229,119.1960067749,29.46821975708
1708829043,"2024-02-25 02:44:03",B1242,CZ3548,8404.86,740.8,229,119.1898727417,29.463380813599
1708829058,"2024-02-25 02:44:18",B1242,CZ3548,8404.86,740.8,229,119.1721496582,29.449459075928
1708829072,"2024-02-25 02:44:32",B1242,CZ3548,8404.86,738.948,228,119.14851379395,29.430879592896
1708829087,"2024-02-25 02:44:47",B1242,CZ3548,8412.48,738.948,228,119.12470245361,29.411939620972
1708829098,"2024-02-25 02:44:58",B1242,CZ3548,8404.86,738.948,228,119.10948944092,29.399919509888
1708829113,"2024-02-25 02:45:13",B1242,CZ3548,8404.86,740.8,228,119.08516693115,29.38064956665
1708829127,"2024-02-25 02:45:27",B1242,CZ3548,8404.86,740.8,228,119.06217956543,29.362449645996
1708829138,"2024-02-25 02:45:38",B1242,CZ3548,8404.86,740.8,228,119.0463180542,29.349840164185
1708829152,"2024-02-25 02:45:52",B1242,CZ3548,8412.48,742.652,228,119.02271270752,29.331119537354
1708829163,"2024-02-25 02:46:03",B1242,CZ3548,8404.86,740.8,228,119.00714111328,29.318790435791
1708829177,"2024-02-25 02:46:17",B1242,CZ3548,8404.86,740.8,228,118.98387145996,29.300300598145
1708829188,"2024-02-25 02:46:28",B1242,CZ3548,8404.86,742.652,228,118.9674987793,29.287359237671
1708829202,"2024-02-25 02:46:42",B1242,CZ3548,8412.48,744.504,228,118.94423675537,29.268840789795
1708829213,"2024-02-25 02:46:53",B1242,CZ3548,8404.86,744.504,228,118.9280090332,29.256000518799
1708829227,"2024-02-25 02:47:07",B1242,CZ3548,8412.48,744.504,228,118.90498352051,29.237689971924
1708829242,"2024-02-25 02:47:22",B1242,CZ3548,8412.48,744.504,228,118.88149261475,29.219020843506
1708829257,"2024-02-25 02:47:37",B1242,CZ3548,8412.48,744.504,228,118.85784912109,29.200170516968
1708829268,"2024-02-25 02:47:48",B1242,CZ3548,8412.48,746.356,228,118.84164428711,29.187240600586
1708829282,"2024-02-25 02:48:02",B1242,CZ3548,8412.48,744.504,228,118.81816101074,29.168510437012
1708829293,"2024-02-25 02:48:13",B1242,CZ3548,8404.86,744.504,228,118.80275726318,29.156179428101
1708829307,"2024-02-25 02:48:27",B1242,CZ3548,8404.86,744.504,228,118.77863311768,29.136930465698
1708829318,"2024-02-25 02:48:38",B1242,CZ3548,8412.48,744.504,228,118.76289367676,29.124389648438
1708829332,"2024-02-25 02:48:52",B1242,CZ3548,8412.48,744.504,228,118.73964691162,29.105760574341
1708829347,"2024-02-25 02:49:07",B1242,CZ3548,8412.48,744.504,228,118.71572875977,29.086669921875
1708829362,"2024-02-25 02:49:22",B1242,CZ3548,8404.86,744.504,228,118.69107055664,29.066940307617
1708829373,"2024-02-25 02:49:33",B1242,CZ3548,8412.48,744.504,228,118.67598724365,29.054880142212
1708829387,"2024-02-25 02:49:47",B1242,CZ3548,8412.48,744.504,228,118.6520690918,29.035749435425
1708829398,"2024-02-25 02:49:58",B1242,CZ3548,8412.48,744.504,228,118.63717651367,29.023820877075
1708829412,"2024-02-25 02:50:12",B1242,CZ3548,8404.86,744.504,228,118.61345672607,29.00484085083
1708829423,"2024-02-25 02:50:23",B1242,CZ3548,8412.48,744.504,228,118.59741210938,28.991989135742
1708829437,"2024-02-25 02:50:37",B1242,CZ3548,8412.48,744.504,228,118.57479095459,28.973930358887
1708829452,"2024-02-25 02:50:52",B1242,CZ3548,8404.86,744.504,228,118.54988098145,28.953960418701
1708829467,"2024-02-25 02:51:07",B1242,CZ3548,8412.48,744.504,228,118.52745819092,28.935939788818
1708829478,"2024-02-25 02:51:18",B1242,CZ3548,8412.48,744.504,228,118.51184082031,28.923320770264
1708829492,"2024-02-25 02:51:32",B1242,CZ3548,8404.86,744.504,228,118.4878692627,28.903980255127
1708829508,"2024-02-25 02:51:48",B1242,CZ3548,8412.48,746.356,228,118.46404266357,28.884799957275
1708829522,"2024-02-25 02:52:02",B1242,CZ3548,8412.48,746.356,228,118.44116973877,28.866390228271
1708829537,"2024-02-25 02:52:17",B1242,CZ3548,8404.86,740.8,232,118.41673278809,28.847539901733
1708829553,"2024-02-25 02:52:33",B1242,CZ3548,8412.48,727.836,243,118.388671875,28.832410812378
1708829567,"2024-02-25 02:52:47",B1242,CZ3548,8412.48,724.132,250,118.36206817627,28.822399139404
1708829582,"2024-02-25 02:53:02",B1242,CZ3548,8412.48,729.688,245,118.3338470459,28.812059402466
1708829598,"2024-02-25 02:53:18",B1242,CZ3548,8404.86,738.948,238,118.30606079102,28.798419952393
1708829612,"2024-02-25 02:53:32",B1242,CZ3548,8404.86,748.208,232,118.28038787842,28.782169342041
1708829628,"2024-02-25 02:53:48",B1242,CZ3548,8404.86,755.616,228,118.25646209717,28.763509750366
1708829642,"2024-02-25 02:54:02",B1242,CZ3548,8404.86,750.06,228,118.23281860352,28.744329452515
1708829657,"2024-02-25 02:54:17",B1242,CZ3548,8404.86,748.208,228,118.20928192139,28.725290298462
1708829668,"2024-02-25 02:54:28",B1242,CZ3548,8404.86,750.06,228,118.19302368164,28.712070465088
1708829682,"2024-02-25 02:54:42",B1242,CZ3548,8412.48,750.06,228,118.17012786865,28.693450927734
1708829698,"2024-02-25 02:54:58",B1242,CZ3548,8404.86,750.06,228,118.14681243896,28.674499511719
1708829712,"2024-02-25 02:55:12",B1242,CZ3548,8404.86,750.06,228,118.12322235107,28.655229568481
1708829727,"2024-02-25 02:55:27",B1242,CZ3548,8404.86,750.06,228,118.09883117676,28.63530921936
1708829742,"2024-02-25 02:55:42",B1242,CZ3548,8412.48,750.06,228,118.07550811768,28.616319656372
1708829753,"2024-02-25 02:55:53",B1242,CZ3548,8404.86,750.06,228,118.0608291626,28.604370117188
1708829767,"2024-02-25 02:56:07",B1242,CZ3548,8412.48,750.06,228,118.03749084473,28.585359573364
1708829778,"2024-02-25 02:56:18",B1242,CZ3548,8412.48,750.06,228,118.02136993408,28.572240829468
1708829792,"2024-02-25 02:56:32",B1242,CZ3548,8412.48,751.912,228,117.99786376953,28.553100585938
1708829808,"2024-02-25 02:56:48",B1242,CZ3548,8412.48,751.912,228,117.97415161133,28.533819198608
1708829823,"2024-02-25 02:57:03",B1242,CZ3548,8412.48,751.912,228,117.95049285889,28.514560699463
1708829838,"2024-02-25 02:57:18",B1242,CZ3548,8412.48,751.912,228,117.92697906494,28.495380401611
1708829852,"2024-02-25 02:57:32",B1242,CZ3548,8412.48,753.764,227,117.90306854248,28.475719451904
1708829853,"2024-02-25 02:57:33",B1242,CZ3548,8412.48,755.616,227,117.89792633057,28.471479415894
1708829867,"2024-02-25 02:57:47",B1242,CZ3548,8412.48,755.616,227,117.88007354736,28.456449508667
1708829882,"2024-02-25 02:58:02",B1242,CZ3548,8404.86,755.616,227,117.85762786865,28.437469482422
1708829883,"2024-02-25 02:58:03",B1242,CZ3548,8404.86,755.616,227,117.8528213501,28.433410644531
1708829897,"2024-02-25 02:58:17",B1242,CZ3548,8412.48,755.616,227,117.83424377441,28.417669296265
1708829913,"2024-02-25 02:58:33",B1242,CZ3548,8404.86,755.616,227,117.80924987793,28.396450042725
1708829927,"2024-02-25 02:58:47",B1242,CZ3548,8412.48,755.616,227,117.78733062744,28.377830505371
1708829942,"2024-02-25 02:59:02",B1242,CZ3548,8404.86,755.616,227,117.76513671875,28.358919143677
1708829957,"2024-02-25 02:59:17",B1242,CZ3548,8412.48,755.616,227,117.73867797852,28.336490631104
1708829973,"2024-02-25 02:59:33",B1242,CZ3548,8412.48,755.616,227,117.71813201904,28.319080352783
1708829987,"2024-02-25 02:59:47",B1242,CZ3548,8412.48,755.616,227,117.6940612793,28.298589706421
1708830003,"2024-02-25 03:00:03",B1242,CZ3548,8404.86,740.8,236,117.67063140869,28.281930923462
1708830017,"2024-02-25 03:00:17",B1242,CZ3548,8412.48,729.688,245,117.64331817627,28.26861000061
1708830032,"2024-02-25 03:00:32",B1242,CZ3548,8412.48,738.948,242,117.61498260498,28.255779266357
1708830047,"2024-02-25 03:00:47",B1242,CZ3548,8404.86,740.8,239,117.58762359619,28.241359710693
1708830062,"2024-02-25 03:01:02",B1242,CZ3548,8404.86,746.356,236,117.56227111816,28.226299285889
1708830077,"2024-02-25 03:01:17",B1242,CZ3548,8404.86,748.208,232,117.53617858887,28.208679199219
1708830092,"2024-02-25 03:01:32",B1242,CZ3548,8412.48,755.616,228,117.51116943359,28.189609527588
1708830103,"2024-02-25 03:01:43",B1242,CZ3548,8412.48,759.32,226,117.49226379395,28.173599243164
1708830117,"2024-02-25 03:01:57",B1242,CZ3548,8404.86,755.616,226,117.47319793701,28.157169342041
1708830128,"2024-02-25 03:02:08",B1242,CZ3548,8404.86,755.616,226,117.45894622803,28.144960403442
1708830141,"2024-02-25 03:02:21",B1242,CZ3548,8412.48,751.912,226,117.4358215332,28.125089645386
1708830156,"2024-02-25 03:02:36",B1242,CZ3548,8404.86,751.912,227,117.41368865967,28.106090545654
1708830171,"2024-02-25 03:02:51",B1242,CZ3548,8404.86,751.912,227,117.39166259766,28.087280273438
1708830186,"2024-02-25 03:03:06",B1242,CZ3548,8412.48,751.912,227,117.36640167236,28.065689086914
1708830201,"2024-02-25 03:03:21",B1242,CZ3548,8404.86,751.912,227,117.34497070312,28.047399520874
1708830216,"2024-02-25 03:03:36",B1242,CZ3548,8412.48,751.912,226,117.32202911377,28.027750015259
1708830232,"2024-02-25 03:03:52",B1242,CZ3548,8404.86,751.912,226,117.29927825928,28.008180618286
1708830246,"2024-02-25 03:04:06",B1242,CZ3548,8412.48,751.912,226,117.2760925293,27.988269805908
1708830257,"2024-02-25 03:04:17",B1242,CZ3548,8412.48,751.912,226,117.25879669189,27.973470687866
1708830272,"2024-02-25 03:04:32",B1242,CZ3548,8412.48,751.912,226,117.23683166504,27.954570770264
1708830287,"2024-02-25 03:04:47",B1242,CZ3548,8404.86,751.912,226,117.21398162842,27.934879302979
1708830301,"2024-02-25 03:05:01",B1242,CZ3548,8412.48,751.912,226,117.19232177734,27.916259765625
1708830317,"2024-02-25 03:05:17",B1242,CZ3548,8412.48,753.764,226,117.17017364502,27.897220611572
1708830331,"2024-02-25 03:05:31",B1242,CZ3548,8412.48,755.616,226,117.14710998535,27.877389907837
1708830347,"2024-02-25 03:05:47",B1242,CZ3548,8404.86,755.616,226,117.12413024902,27.857650756836
1708830361,"2024-02-25 03:06:01",B1242,CZ3548,8404.86,755.616,226,117.10047149658,27.837249755859
1708830376,"2024-02-25 03:06:16",B1242,CZ3548,8404.86,755.616,226,117.07801818848,27.817939758301
1708830391,"2024-02-25 03:06:31",B1242,CZ3548,8412.48,755.616,227,117.05573272705,27.798759460449
1708830406,"2024-02-25 03:06:46",B1242,CZ3548,8412.48,753.764,227,117.03253173828,27.778980255127
1708830421,"2024-02-25 03:07:01",B1242,CZ3548,8404.86,755.616,227,117.00910186768,27.758960723877
1708830436,"2024-02-25 03:07:16",B1242,CZ3548,8404.86,755.616,226,116.98631286621,27.739330291748
1708830451,"2024-02-25 03:07:31",B1242,CZ3548,8412.48,755.616,226,116.96324920654,27.719440460205
1708830466,"2024-02-25 03:07:46",B1242,CZ3548,8404.86,755.616,226,116.93836975098,27.697860717773
1708830481,"2024-02-25 03:08:01",B1242,CZ3548,8412.48,757.468,226,116.91732788086,27.679599761963
1708830496,"2024-02-25 03:08:16",B1242,CZ3548,8404.86,757.468,226,116.8949508667,27.660079956055
1708830511,"2024-02-25 03:08:31",B1242,CZ3548,8404.86,757.468,226,116.86945343018,27.637939453125
1708830522,"2024-02-25 03:08:42",B1242,CZ3548,8412.48,757.468,226,116.85266113281,27.623340606689
1708830536,"2024-02-25 03:08:56",B1242,CZ3548,8404.86,757.468,226,116.83300018311,27.606220245361
1708830551,"2024-02-25 03:09:11",B1242,CZ3548,8412.48,757.468,227,116.81118011475,27.587509155273
1708830566,"2024-02-25 03:09:26",B1242,CZ3548,8412.48,755.616,227,116.7876663208,27.567440032959
1708830581,"2024-02-25 03:09:41",B1242,CZ3548,8412.48,755.616,227,116.7631072998,27.546430587769
1708830596,"2024-02-25 03:09:56",B1242,CZ3548,8412.48,757.468,227,116.74172973633,27.528150558472
1708830611,"2024-02-25 03:10:11",B1242,CZ3548,8404.86,757.468,227,116.71838378906,27.508180618286
1708830622,"2024-02-25 03:10:22",B1242,CZ3548,8404.86,757.468,227,116.70275115967,27.494729995728
1708830636,"2024-02-25 03:10:36",B1242,CZ3548,8412.48,757.468,227,116.68045043945,27.475660324097
1708830647,"2024-02-25 03:10:47",B1242,CZ3548,8404.86,757.468,227,116.66493225098,27.462379455566
1708830661,"2024-02-25 03:11:01",B1242,CZ3548,8412.48,757.468,227,116.64147949219,27.442249298096
1708830676,"2024-02-25 03:11:16",B1242,CZ3548,8404.86,757.468,227,116.61904144287,27.423070907593
1708830692,"2024-02-25 03:11:32",B1242,CZ3548,8412.48,757.468,227,116.5958404541,27.403249740601
1708830706,"2024-02-25 03:11:46",B1242,CZ3548,8412.48,757.468,227,116.56964111328,27.381000518799
1708830721,"2024-02-25 03:12:01",B1242,CZ3548,8404.86,759.32,227,116.54975891113,27.364059448242
1708830736,"2024-02-25 03:12:16",B1242,CZ3548,8412.48,757.468,227,116.52110290527,27.339429855347
1708830751,"2024-02-25 03:12:31",B1242,CZ3548,8404.86,759.32,226,116.50099182129,27.322130203247
1708830767,"2024-02-25 03:12:47",B1242,CZ3548,8412.48,759.32,227,116.47515106201,27.299770355225
1708830781,"2024-02-25 03:13:01",B1242,CZ3548,8412.48,759.32,227,116.45723724365,27.284589767456
1708830795,"2024-02-25 03:13:15",B1242,CZ3548,8404.86,759.32,228,116.43527984619,27.266330718994
1708830811,"2024-02-25 03:13:31",B1242,CZ3548,8412.48,759.32,228,116.41203308105,27.2470703125
1708830825,"2024-02-25 03:13:45",B1242,CZ3548,8412.48,759.32,228,116.38838195801,27.227600097656
1708830836,"2024-02-25 03:13:56",B1242,CZ3548,8412.48,761.172,228,116.37320709229,27.215089797974
1708830850,"2024-02-25 03:14:10",B1242,CZ3548,8404.86,759.32,228,116.34864044189,27.194820404053
1708830865,"2024-02-25 03:14:25",B1242,CZ3548,8404.86,759.32,228,116.32396697998,27.174360275269
1708830880,"2024-02-25 03:14:40",B1242,CZ3548,8404.86,759.32,228,116.30316925049,27.157180786133
1708830895,"2024-02-25 03:14:55",B1242,CZ3548,8404.86,759.32,228,116.27881622314,27.137020111084
1708830910,"2024-02-25 03:15:10",B1242,CZ3548,8412.48,759.32,228,116.2553024292,27.117460250854
1708830925,"2024-02-25 03:15:25",B1242,CZ3548,8412.48,759.32,228,116.23081207275,27.097129821777
1708830940,"2024-02-25 03:15:40",B1242,CZ3548,8412.48,759.32,228,116.20523834229,27.075899124146
1708830955,"2024-02-25 03:15:55",B1242,CZ3548,8404.86,759.32,228,116.18031311035,27.055139541626
1708830970,"2024-02-25 03:16:10",B1242,CZ3548,8412.48,759.32,228,116.16207122803,27.040010452271
1708830985,"2024-02-25 03:16:25",B1242,CZ3548,8412.48,759.32,228,116.13715362549,27.019269943237
1708831000,"2024-02-25 03:16:40",B1242,CZ3548,8412.48,759.32,228,116.11377716064,26.99986076355
1708831015,"2024-02-25 03:16:55",B1242,CZ3548,8412.48,759.32,228,116.09084320068,26.98078918457
1708831030,"2024-02-25 03:17:10",B1242,CZ3548,8412.48,759.32,228,116.0682220459,26.962009429932
1708831041,"2024-02-25 03:17:21",B1242,CZ3548,8404.86,759.32,228,116.05281066895,26.949180603027
1708831055,"2024-02-25 03:17:35",B1242,CZ3548,8412.48,759.32,228,116.02867889404,26.929140090942
1708831070,"2024-02-25 03:17:50",B1242,CZ3548,8404.86,761.172,228,116.00517272949,26.90957069397
1708831081,"2024-02-25 03:18:01",B1242,CZ3548,8412.48,761.172,228,115.99117279053,26.897880554199
1708831095,"2024-02-25 03:18:15",B1242,CZ3548,8404.86,761.172,228,115.96687316895,26.877630233765
1708831110,"2024-02-25 03:18:30",B1242,CZ3548,8412.48,761.172,228,115.94288635254,26.857620239258
1708831125,"2024-02-25 03:18:45",B1242,CZ3548,8404.86,761.172,228,115.91986083984,26.838439941406
1708831140,"2024-02-25 03:19:00",B1242,CZ3548,8404.86,759.32,227,115.89736938477,26.819639205933
1708831155,"2024-02-25 03:19:15",B1242,CZ3548,8404.86,757.468,228,115.87342071533,26.799680709839
1708831170,"2024-02-25 03:19:30",B1242,CZ3548,8412.48,757.468,228,115.84876251221,26.779399871826
1708831185,"2024-02-25 03:19:45",B1242,CZ3548,8412.48,757.468,228,115.82643127441,26.7610206604
1708831201,"2024-02-25 03:20:01",B1242,CZ3548,8412.48,759.32,228,115.80288696289,26.741590499878
1708831216,"2024-02-25 03:20:16",B1242,CZ3548,8412.48,759.32,228,115.78031921387,26.722940444946
1708831230,"2024-02-25 03:20:30",B1242,CZ3548,8412.48,759.32,228,115.75610351562,26.70299911499
1708831245,"2024-02-25 03:20:45",B1242,CZ3548,8404.86,759.32,228,115.73282623291,26.683790206909
1708831261,"2024-02-25 03:21:01",B1242,CZ3548,8404.86,759.32,228,115.71000671387,26.664979934692
1708831275,"2024-02-25 03:21:15",B1242,CZ3548,8404.86,759.32,228,115.68572235107,26.644920349121
1708831286,"2024-02-25 03:21:26",B1242,CZ3548,8404.86,759.32,228,115.66982269287,26.631740570068
1708831300,"2024-02-25 03:21:40",B1242,CZ3548,8412.48,759.32,228,115.64814758301,26.613880157471
1708831315,"2024-02-25 03:21:55",B1242,CZ3548,8404.86,757.468,228,115.62483215332,26.594560623169
1708831330,"2024-02-25 03:22:10",B1242,CZ3548,8412.48,757.468,228,115.60199737549,26.575649261475
1708831345,"2024-02-25 03:22:25",B1242,CZ3548,8404.86,755.616,228,115.57875823975,26.556379318237
1708831360,"2024-02-25 03:22:40",B1242,CZ3548,8404.86,755.616,228,115.55461883545,26.536310195923
1708831371,"2024-02-25 03:22:51",B1242,CZ3548,8404.86,755.616,228,115.53665924072,26.521419525146
1708831385,"2024-02-25 03:23:05",B1242,CZ3548,8404.86,755.616,228,115.51098632812,26.500089645386
1708831400,"2024-02-25 03:23:20",B1242,CZ3548,8412.48,755.616,228,115.49366760254,26.485710144043
1708831415,"2024-02-25 03:23:35",B1242,CZ3548,8412.48,755.616,228,115.46926879883,26.465410232544
1708831430,"2024-02-25 03:23:50",B1242,CZ3548,8404.86,757.468,228,115.44512939453,26.445350646973
1708831445,"2024-02-25 03:24:05",B1242,CZ3548,8404.86,757.468,228,115.42310333252,26.427049636841
1708831460,"2024-02-25 03:24:20",B1242,CZ3548,8412.48,757.468,228,115.40049743652,26.408290863037
1708831475,"2024-02-25 03:24:35",B1242,CZ3548,8412.48,757.468,228,115.37587738037,26.387790679932
1708831486,"2024-02-25 03:24:46",B1242,CZ3548,8412.48,757.468,228,115.35559844971,26.37087059021
1708831501,"2024-02-25 03:25:01",B1242,CZ3548,8412.48,757.468,228,115.338722229,26.356800079346
1708831515,"2024-02-25 03:25:15",B1242,CZ3548,8412.48,759.32,228,115.31466674805,26.336790084839
1708831530,"2024-02-25 03:25:30",B1242,CZ3548,8412.48,759.32,228,115.29046630859,26.31662940979
1708831545,"2024-02-25 03:25:45",B1242,CZ3548,8412.48,759.32,228,115.26455688477,26.295000076294
1708831560,"2024-02-25 03:26:00",B1242,CZ3548,8404.86,757.468,228,115.24584197998,26.279390335083
1708831575,"2024-02-25 03:26:15",B1242,CZ3548,8412.48,757.468,228,115.22123718262,26.258829116821
1708831590,"2024-02-25 03:26:30",B1242,CZ3548,8412.48,759.32,228,115.19864654541,26.23996925354
1708831603,"2024-02-25 03:26:43",B1242,CZ3548,8412.48,757.468,228,115.17845153809,26.22306060791
1708831618,"2024-02-25 03:26:58",B1242,CZ3548,8412.48,757.468,228,115.15543365479,26.203809738159
1708831633,"2024-02-25 03:27:13",B1242,CZ3548,8412.48,757.468,228,115.130859375,26.183210372925
1708831648,"2024-02-25 03:27:28",B1242,CZ3548,8404.86,757.468,228,115.10645294189,26.162780761719
1708831663,"2024-02-25 03:27:43",B1242,CZ3548,8412.48,759.32,228,115.08592987061,26.145540237427
1708831678,"2024-02-25 03:27:58",B1242,CZ3548,8412.48,759.32,228,115.0633392334,26.126630783081
1708831693,"2024-02-25 03:28:13",B1242,CZ3548,8404.86,761.172,228,115.03923797607,26.106399536133
1708831708,"2024-02-25 03:28:28",B1242,CZ3548,8412.48,761.172,228,115.01696014404,26.087720870972
1708831723,"2024-02-25 03:28:43",B1242,CZ3548,8404.86,761.172,228,114.99373626709,26.068269729614
1708831738,"2024-02-25 03:28:58",B1242,CZ3548,8404.86,761.172,228,114.97062683105,26.048770904541
1708831754,"2024-02-25 03:29:14",B1242,CZ3548,8412.48,761.172,228,114.94683837891,26.028760910034
1708831768,"2024-02-25 03:29:28",B1242,CZ3548,8412.48,761.172,228,114.92273712158,26.008529663086
1708831783,"2024-02-25 03:29:43",B1242,CZ3548,8412.48,761.172,228,114.90035247803,25.989700317383
1708831798,"2024-02-25 03:29:58",B1242,CZ3548,8412.48,761.172,228,114.87796783447,25.970809936523
1708831813,"2024-02-25 03:30:13",B1242,CZ3548,8412.48,761.172,227,114.85386657715,25.950529098511
1708831828,"2024-02-25 03:30:28",B1242,CZ3548,8404.86,761.172,227,114.83120727539,25.931369781494
1708831839,"2024-02-25 03:30:39",B1242,CZ3548,8404.86,761.172,227,114.81606292725,25.918609619141
1708831853,"2024-02-25 03:30:53",B1242,CZ3548,8412.48,764.876,226,114.79309082031,25.899120330811
1708831864,"2024-02-25 03:31:04",B1242,CZ3548,8412.48,775.988,219,114.77866363525,25.884670257568
1708831878,"2024-02-25 03:31:18",B1242,CZ3548,8412.48,794.508,210,114.76096343994,25.860080718994
1708831893,"2024-02-25 03:31:33",B1242,CZ3548,8404.86,785.248,213,114.74427032471,25.834350585938
1708831908,"2024-02-25 03:31:48",B1242,CZ3548,8404.86,779.692,213,114.72534942627,25.807579040527
1708831923,"2024-02-25 03:32:03",B1242,CZ3548,8404.86,779.692,213,114.70867156982,25.784259796143
1708831938,"2024-02-25 03:32:18",B1242,CZ3548,8412.48,781.544,213,114.69022369385,25.758239746094
1708831953,"2024-02-25 03:32:33",B1242,CZ3548,8412.48,783.396,213,114.67388916016,25.735050201416
1708831964,"2024-02-25 03:32:44",B1242,CZ3548,8412.48,783.396,213,114.66262817383,25.718950271606
1708831978,"2024-02-25 03:32:58",B1242,CZ3548,8412.48,783.396,213,114.64543914795,25.694139480591
1708831993,"2024-02-25 03:33:13",B1242,CZ3548,8404.86,785.248,213,114.62812805176,25.669139862061
1708832008,"2024-02-25 03:33:28",B1242,CZ3548,8404.86,785.248,212,114.60885620117,25.641069412231
1708832025,"2024-02-25 03:33:45",B1242,CZ3548,8382,783.396,212,114.58699798584,25.609130859375
1708832040,"2024-02-25 03:34:00",B1242,CZ3548,8321.04,783.396,212,114.57428741455,25.590599060059
1708832056,"2024-02-25 03:34:16",B1242,CZ3548,8237.22,783.396,212,114.55653381348,25.564769744873
1708832070,"2024-02-25 03:34:30",B1242,CZ3548,8161.02,781.544,212,114.5399017334,25.540420532227
1708832081,"2024-02-25 03:34:41",B1242,CZ3548,8107.68,781.544,212,114.52842712402,25.523569107056
1708832095,"2024-02-25 03:34:55",B1242,CZ3548,8016.24,783.396,212,114.51112365723,25.498197555542
1708832110,"2024-02-25 03:35:10",B1242,CZ3548,7947.66,781.544,212,114.49436950684,25.473630905151
1708832121,"2024-02-25 03:35:21",B1242,CZ3548,7848.6,777.84,212,114.48246002197,25.456209182739
1708832163,"2024-02-25 03:36:03",B1242,CZ3548,7399.02,761.172,212,114.42976379395,25.379859924316
1708832216,"2024-02-25 03:36:56",B1242,CZ3548,6850.38,763.024,212,114.37306976318,25.296480178833
1708832231,"2024-02-25 03:37:11",B1242,CZ3548,6713.22,757.468,212,114.35585784912,25.271440505981
1708832245,"2024-02-25 03:37:25",B1242,CZ3548,6606.54,753.764,212,114.34255218506,25.251979827881
1708832299,"2024-02-25 03:38:19",B1242,CZ3548,6195.06,742.652,213,114.28402709961,25.166509628296
1708832329,"2024-02-25 03:38:49",B1242,CZ3548,6019.8,742.652,213,114.25206756592,25.119550704956
1708832344,"2024-02-25 03:39:04",B1242,CZ3548,5890.26,722.28,212,114.23552703857,25.095010757446
1708832359,"2024-02-25 03:39:19",B1242,CZ3548,5737.86,713.02,212,114.22059631348,25.07299041748
1708832374,"2024-02-25 03:39:34",B1242,CZ3548,5585.46,713.02,212,114.20599365234,25.051389694214
1708832385,"2024-02-25 03:39:45",B1242,CZ3548,5448.3,711.168,212,114.19309234619,25.032209396362
1708832399,"2024-02-25 03:39:59",B1242,CZ3548,5303.52,709.316,213,114.18018341064,25.01349067688
1708832410,"2024-02-25 03:40:10",B1242,CZ3548,5212.08,705.612,212,114.16873168945,24.996969223022
1708832448,"2024-02-25 03:40:48",B1242,CZ3548,4777.74,705.612,213,114.12536621094,24.933559417725
1708832479,"2024-02-25 03:41:19",B1242,CZ3548,4541.52,703.76,213,114.09815216064,24.893579483032
1708832502,"2024-02-25 03:41:42",B1242,CZ3548,4381.5,677.832,212,114.07109832764,24.853359222412
1708832516,"2024-02-25 03:41:56",B1242,CZ3548,4297.68,674.128,212,114.0587387085,24.835010528564
1708832553,"2024-02-25 03:42:33",B1242,CZ3548,4046.22,674.128,212,114.02690124512,24.787809371948
1708832566,"2024-02-25 03:42:46",B1242,CZ3548,3939.54,668.572,212,114.01336669922,24.767850875854
1708832577,"2024-02-25 03:42:57",B1242,CZ3548,3901.44,670.424,212,114.00357055664,24.753450393677
1708832591,"2024-02-25 03:43:11",B1242,CZ3548,3893.82,672.276,212,113.98773193359,24.730039596558
1708832606,"2024-02-25 03:43:26",B1242,CZ3548,3893.82,672.276,212,113.97174835205,24.706390380859
1708832621,"2024-02-25 03:43:41",B1242,CZ3548,3901.44,672.276,212,113.95932006836,24.687999725342
1708832637,"2024-02-25 03:43:57",B1242,CZ3548,3901.44,674.128,212,113.94262695312,24.663280487061
1708832651,"2024-02-25 03:44:11",B1242,CZ3548,3901.44,672.276,212,113.92977905273,24.644290924072
1708832666,"2024-02-25 03:44:26",B1242,CZ3548,3901.44,668.572,212,113.91515350342,24.622650146484
1708832681,"2024-02-25 03:44:41",B1242,CZ3548,3901.44,668.572,212,113.90194702148,24.60304069519
1708832697,"2024-02-25 03:44:57",B1242,CZ3548,3893.82,668.572,212,113.88329315186,24.575389862061
1708832711,"2024-02-25 03:45:11",B1242,CZ3548,3863.34,668.572,212,113.87188720703,24.558540344238
1708832726,"2024-02-25 03:45:26",B1242,CZ3548,3825.24,663.016,212,113.85880279541,24.539110183716
1708832741,"2024-02-25 03:45:41",B1242,CZ3548,3787.14,657.46,212,113.84429931641,24.517730712891
1708832756,"2024-02-25 03:45:56",B1242,CZ3548,3733.8,653.756,212,113.83010864258,24.496719360352
1708832771,"2024-02-25 03:46:11",B1242,CZ3548,3688.08,637.088,212,113.81629180908,24.476100921631
1708832786,"2024-02-25 03:46:26",B1242,CZ3548,3642.36,614.864,212,113.80271148682,24.455799102783
1708832801,"2024-02-25 03:46:41",B1242,CZ3548,3596.64,598.196,212,113.78916168213,24.43556022644
1708832816,"2024-02-25 03:46:56",B1242,CZ3548,3550.92,581.528,212,113.77700805664,24.417350769043
1708832857,"2024-02-25 03:47:37",B1242,CZ3548,3406.14,572.268,212,113.74083709717,24.363740921021
1708832872,"2024-02-25 03:47:52",B1242,CZ3548,3375.66,572.268,212,113.73078155518,24.348400115967
1708832901,"2024-02-25 03:48:21",B1242,CZ3548,3291.84,570.416,199,113.71279907227,24.310600280762
1708833061,"2024-02-25 03:51:01",B1242,CZ3548,3291.84,513.004,199,113.65558624268,24.0827293396
1708833136,"2024-02-25 03:52:16",B1242,CZ3548,3291.84,507.448,199,113.62319946289,23.992790222168
1708833152,"2024-02-25 03:52:32",B1242,CZ3548,3291.84,509.3,199,113.61743927002,23.976779937744
1708833166,"2024-02-25 03:52:46",B1242,CZ3548,3291.84,509.3,199,113.61109161377,23.959440231323
1708833182,"2024-02-25 03:53:02",B1242,CZ3548,3291.84,509.3,199,113.60469055176,23.941450119019
1708833196,"2024-02-25 03:53:16",B1242,CZ3548,3276.6,511.152,198,113.5982208252,23.923290252686
1708833212,"2024-02-25 03:53:32",B1242,CZ3548,3215.64,511.152,199,113.59176635742,23.904830932617
1708833226,"2024-02-25 03:53:46",B1242,CZ3548,3139.44,511.152,198,113.58541107178,23.886800765991
1708833241,"2024-02-25 03:54:01",B1242,CZ3548,3063.24,513.004,199,113.57894134521,23.868589401245
1708833256,"2024-02-25 03:54:16",B1242,CZ3548,2971.8,513.004,199,113.5725402832,23.850309371948
1708833271,"2024-02-25 03:54:31",B1242,CZ3548,2887.98,514.856,198,113.5661315918,23.831819534302
1708833286,"2024-02-25 03:54:46",B1242,CZ3548,2804.16,514.856,198,113.55966186523,23.81324005127
1708833301,"2024-02-25 03:55:01",B1242,CZ3548,2720.34,511.152,199,113.55303192139,23.794380187988
1708833316,"2024-02-25 03:55:16",B1242,CZ3548,2636.52,507.448,199,113.54670715332,23.776649475098
1708833332,"2024-02-25 03:55:32",B1242,CZ3548,2613.66,501.892,199,113.5401763916,23.758310317993
1708833347,"2024-02-25 03:55:47",B1242,CZ3548,2606.04,500.04,198,113.5340423584,23.740720748901
1708833361,"2024-02-25 03:56:01",B1242,CZ3548,2613.66,500.04,199,113.52768707275,23.72274017334
1708833376,"2024-02-25 03:56:16",B1242,CZ3548,2613.66,503.744,199,113.5212097168,23.704490661621
1708833387,"2024-02-25 03:56:27",B1242,CZ3548,2613.66,507.448,199,113.51628875732,23.690599441528
1708833401,"2024-02-25 03:56:41",B1242,CZ3548,2613.66,509.3,199,113.51052856445,23.674470901489
1708833416,"2024-02-25 03:56:56",B1242,CZ3548,2613.66,513.004,199,113.5037689209,23.655490875244
1708833417,"2024-02-25 03:56:57",B1242,CZ3548,2613.66,513.004,199,113.50229644775,23.651369094849
1708833431,"2024-02-25 03:57:11",B1242,CZ3548,2613.66,513.004,198,113.49747467041,23.637783050537
1708833442,"2024-02-25 03:57:22",B1242,CZ3548,2613.66,513.004,198,113.49314117432,23.625410079956
1708833456,"2024-02-25 03:57:36",B1242,CZ3548,2613.66,511.152,199,113.48644256592,23.606449127197
1708833471,"2024-02-25 03:57:51",B1242,CZ3548,2613.66,511.152,199,113.48017120361,23.588790893555
1708833486,"2024-02-25 03:58:06",B1242,CZ3548,2613.66,507.448,199,113.47341156006,23.56955909729
1708833497,"2024-02-25 03:58:17",B1242,CZ3548,2606.04,507.448,199,113.46949005127,23.558399200439
1708833511,"2024-02-25 03:58:31",B1242,CZ3548,2567.94,511.152,199,113.46227264404,23.538070678711
1708833526,"2024-02-25 03:58:46",B1242,CZ3548,2529.84,505.596,199,113.45626831055,23.521310806274
1708833541,"2024-02-25 03:59:01",B1242,CZ3548,2484.12,501.892,199,113.45007324219,23.503879547119
1708833556,"2024-02-25 03:59:16",B1242,CZ3548,2438.4,500.04,199,113.44380950928,23.486120223999
1708833571,"2024-02-25 03:59:31",B1242,CZ3548,2392.68,496.336,198,113.43747711182,23.468120574951
1708833587,"2024-02-25 03:59:47",B1242,CZ3548,2346.96,492.632,197,113.431640625,23.450592041016
1708833602,"2024-02-25 04:00:02",B1242,CZ3548,2308.86,490.78,197,113.42590332031,23.432159423828
1708833616,"2024-02-25 04:00:16",B1242,CZ3548,2301.24,494.484,195,113.4206161499,23.414239883423
1708833632,"2024-02-25 04:00:32",B1242,CZ3548,2225.04,496.336,195,113.41555786133,23.396070480347
1708833646,"2024-02-25 04:00:46",B1242,CZ3548,2133.6,496.336,195,113.41079711914,23.378580093384
1708833661,"2024-02-25 04:01:01",B1242,CZ3548,2011.68,500.04,195,113.40557098389,23.360092163086
1708833676,"2024-02-25 04:01:16",B1242,CZ3548,1905,500.04,194,113.40072631836,23.341896057129
1708833677,"2024-02-25 04:01:17",B1242,CZ3548,1882.14,498.188,195,113.39951324463,23.337240219116
1708833691,"2024-02-25 04:01:31",B1242,CZ3548,1828.8,494.484,195,113.39588165283,23.323791503906
1708833706,"2024-02-25 04:01:46",B1242,CZ3548,1737.36,490.78,195,113.39099121094,23.305530548096
1708833722,"2024-02-25 04:02:02",B1242,CZ3548,1661.16,487.076,194,113.38627624512,23.287990570068
1708833736,"2024-02-25 04:02:16",B1242,CZ3548,1569.72,485.224,194,113.38144683838,23.270252227783
1708833751,"2024-02-25 04:02:31",B1242,CZ3548,1478.28,481.52,195,113.37657165527,23.252380371094
1708833762,"2024-02-25 04:02:42",B1242,CZ3548,1424.94,481.52,194,113.37341308594,23.240924835205
1708833776,"2024-02-25 04:02:56",B1242,CZ3548,1341.12,474.112,195,113.36866760254,23.223180770874
1708833791,"2024-02-25 04:03:11",B1242,CZ3548,1272.54,470.408,194,113.36412811279,23.206146240234
1708833806,"2024-02-25 04:03:26",B1242,CZ3548,1196.34,461.148,194,113.35952758789,23.188980102539
1708833822,"2024-02-25 04:03:42",B1242,CZ3548,1150.62,448.184,194,113.35498809814,23.172088623047
1708833836,"2024-02-25 04:03:56",B1242,CZ3548,1120.14,435.22,194,113.35073852539,23.15625
1708833851,"2024-02-25 04:04:11",B1242,CZ3548,1082.04,418.552,195,113.34664916992,23.14109992981
1708833852,"2024-02-25 04:04:12",B1242,CZ3548,1082.04,414.848,194,113.34574890137,23.137619018555
1708833866,"2024-02-25 04:04:26",B1242,CZ3548,1082.04,398.18,195,113.34264373779,23.126079559326
1708833881,"2024-02-25 04:04:41",B1242,CZ3548,1089.66,372.252,195,113.33885955811,23.111940383911
1708833882,"2024-02-25 04:04:42",B1242,CZ3548,1089.66,364.844,195,113.33811187744,23.109050750732
1708833896,"2024-02-25 04:04:56",B1242,CZ3548,1097.28,342.62,195,113.3353729248,23.09880065918
1708833911,"2024-02-25 04:05:11",B1242,CZ3548,1089.66,324.1,195,113.33210754395,23.086759567261
1708833926,"2024-02-25 04:05:26",B1242,CZ3548,1089.66,322.248,194,113.32887268066,23.074859619141
1708833941,"2024-02-25 04:05:41",B1242,CZ3548,1066.8,324.1,194,113.32582092285,23.063320159912
1708833956,"2024-02-25 04:05:56",B1242,CZ3548,1005.84,324.1,194,113.32252502441,23.05110168457
1708833971,"2024-02-25 04:06:11",B1242,CZ3548,929.64,325.952,194,113.31934356689,23.039308547974
1708833986,"2024-02-25 04:06:26",B1242,CZ3548,845.82,329.656,203,113.31568145752,23.027755737305
1708834001,"2024-02-25 04:06:41",B1242,CZ3548,815.34,346.324,242,113.3062210083,23.01877784729
1708834016,"2024-02-25 04:06:56",B1242,CZ3548,815.34,351.88,274,113.29132080078,23.017009735107
1708834032,"2024-02-25 04:07:12",B1242,CZ3548,815.34,350.028,280,113.27828216553,23.018550872803
1708834046,"2024-02-25 04:07:26",B1242,CZ3548,815.34,350.028,279,113.26380157471,23.020614624023
1708834061,"2024-02-25 04:07:41",B1242,CZ3548,815.34,353.732,290,113.25012207031,23.023246765137
1708834077,"2024-02-25 04:07:57",B1242,CZ3548,815.34,357.436,327,113.23914337158,23.031669616699
1708834091,"2024-02-25 04:08:11",B1242,CZ3548,815.34,359.288,345,113.23403930664,23.044370651245
1708834106,"2024-02-25 04:08:26",B1242,CZ3548,815.34,355.584,347,113.23063659668,23.057369232178
1708834121,"2024-02-25 04:08:41",B1242,CZ3548,815.34,357.436,1,113.2287902832,23.070690155029
1708834136,"2024-02-25 04:08:56",B1242,CZ3548,815.34,353.732,12,113.2307434082,23.083810806274
1708834147,"2024-02-25 04:09:07",B1242,CZ3548,815.34,355.584,13,113.23303222656,23.092840194702
1708834161,"2024-02-25 04:09:21",B1242,CZ3548,815.34,353.732,14,113.23652648926,23.105899810791
1708834176,"2024-02-25 04:09:36",B1242,CZ3548,815.34,355.584,14,113.23998260498,23.118349075317
1708834191,"2024-02-25 04:09:51",B1242,CZ3548,815.34,355.584,14,113.24356079102,23.131620407104
1708834207,"2024-02-25 04:10:07",B1242,CZ3548,815.34,353.732,15,113.2470703125,23.144529342651
1708834221,"2024-02-25 04:10:21",B1242,CZ3548,815.34,353.732,13,113.25048065186,23.157360076904
1708834236,"2024-02-25 04:10:36",B1242,CZ3548,815.34,353.732,13,113.25395965576,23.170389175415
1708834251,"2024-02-25 04:10:51",B1242,CZ3548,815.34,353.732,14,113.25750732422,23.183620452881
1708834266,"2024-02-25 04:11:06",B1242,CZ3548,815.34,353.732,14,113.26100921631,23.19647026062
1708834281,"2024-02-25 04:11:21",B1242,CZ3548,815.34,353.732,14,113.26451873779,23.209360122681
1708834296,"2024-02-25 04:11:36",B1242,CZ3548,815.34,353.732,14,113.26792144775,23.222120285034
1708834311,"2024-02-25 04:11:51",B1242,CZ3548,769.62,355.584,14,113.27143859863,23.235210418701
1708834326,"2024-02-25 04:12:06",B1242,CZ3548,678.18,338.916,14,113.27488708496,23.248050689697
1708834341,"2024-02-25 04:12:21",B1242,CZ3548,601.98,311.136,14,113.27799224854,23.259550094604
1708834356,"2024-02-25 04:12:36",B1242,CZ3548,548.64,285.208,14,113.28092956543,23.27054977417
1708834371,"2024-02-25 04:12:51",B1242,CZ3548,472.44,270.392,14,113.28367614746,23.280578613281
1708834386,"2024-02-25 04:13:06",B1242,CZ3548,419.1,255.576,14,113.28623199463,23.290079116821
1708834401,"2024-02-25 04:13:21",B1242,CZ3548,358.14,250.02,14,113.2887802124,23.299350738525
1708834416,"2024-02-25 04:13:36",B1242,CZ3548,304.8,246.316,14,113.29116821289,23.308290481567
1708834431,"2024-02-25 04:13:51",B1242,CZ3548,251.46,246.316,14,113.2936630249,23.317470550537
1708834447,"2024-02-25 04:14:07",B1242,CZ3548,190.5,242.612,14,113.29605102539,23.326400756836
1708834461,"2024-02-25 04:14:21",B1242,CZ3548,137.16,240.76,14,113.29850769043,23.335369110107
1708834476,"2024-02-25 04:14:36",B1242,CZ3548,76.2,238.908,13,113.30082702637,23.344129562378
1708834491,"2024-02-25 04:14:51",B1242,CZ3548,30.48,240.76,14,113.30319976807,23.352909088135
1708834506,"2024-02-25 04:15:06",B1242,CZ3548,-30.48,240.76,14,113.30590057373,23.362979888916
1708834521,"2024-02-25 04:15:21",B1242,CZ3548,-83.82,240.76,14,113.3083114624,23.371829986572
