Time,"UTC TIME",Anum,Fnum,Height,Speed,Angle,Longitude,Latitude
1714477348,"2024-04-30 11:42:28",B7185,CZ3548,45.72,292.616,357,121.33219909668,31.202409744263
1714477362,"2024-04-30 11:42:42",B7185,CZ3548,175.26,292.616,357,121.3316116333,31.210880279541
1714477377,"2024-04-30 11:42:57",B7185,CZ3548,358,292,351.6,121.33074951172,31.221130371094
1714477392,"2024-04-30 11:43:12",B7185,CZ3548,556.26,298.172,332,121.32633209229,31.231979370117
1714477406,"2024-04-30 11:43:26",B7185,CZ3548,693.42,318.544,302,121.31690979004,31.238939285278
1714477417,"2024-04-30 11:43:37",B7185,CZ3548,807.72,322.248,299,121.30834197998,31.242874145508
1714477431,"2024-04-30 11:43:51",B7185,CZ3548,975.36,331.508,297,121.2954864502,31.248561859131
1714477446,"2024-04-30 11:44:06",B7185,CZ3548,1089.66,359.288,297,121.28109741211,31.254709243774
1714477461,"2024-04-30 11:44:21",B7185,CZ3548,1219.2,379.66,297,121.26741790771,31.260572433472
1714477477,"2024-04-30 11:44:37",B7185,CZ3548,1394.46,385.216,298,121.2515411377,31.267555236816
1714477491,"2024-04-30 11:44:51",B7185,CZ3548,1485.9,388.92,295,121.23747253418,31.273727416992
1714477506,"2024-04-30 11:45:06",B7185,CZ3548,1524,407.44,272,121.22309112549,31.275842666626
1714477521,"2024-04-30 11:45:21",B7185,CZ3548,1524,425.96,237,121.20561981201,31.27011680603
1714477536,"2024-04-30 11:45:36",B7185,CZ3548,1516.38,453.74,234,121.18991088867,31.260526657104
1714477552,"2024-04-30 11:45:52",B7185,CZ3548,1508.76,518.56,233,121.16525268555,31.244979858398
1714477556,"2024-04-30 11:45:56",B7185,CZ3548,1508.76,518.56,233,121.16525268555,31.244979858398
1714477567,"2024-04-30 11:46:07",B7185,CZ3548,1508.76,529.672,233,121.14833068848,31.234130859375
1714477581,"2024-04-30 11:46:21",B7185,CZ3548,1508.76,531.524,223,121.13401794434,31.223510742188
1714477596,"2024-04-30 11:46:36",B7185,CZ3548,1516.38,533.376,202,121.12265014648,31.206344604492
1714477611,"2024-04-30 11:46:51",B7185,CZ3548,1516.38,529.672,181,121.11958312988,31.187072753906
1714477625,"2024-04-30 11:47:05",B7185,CZ3548,1623.06,527.82,178,121.1203918457,31.167251586914
1714477639,"2024-04-30 11:47:19",B7185,CZ3548,1828.8,529.672,177,121.12129974365,31.150150299072
1714477654,"2024-04-30 11:47:34",B7185,CZ3548,2072.64,533.376,176,121.12271118164,31.128620147705
1714477668,"2024-04-30 11:47:48",B7185,CZ3548,2308.86,527.82,177,121.12409973145,31.11049079895
1714477684,"2024-04-30 11:48:04",B7185,CZ3548,2499.36,525.968,194,121.12174224854,31.091260910034
1714477698,"2024-04-30 11:48:18",B7185,CZ3548,2651,520.6,210.6,121.11123657227,31.074554443359
1714477713,"2024-04-30 11:48:33",B7185,CZ3548,2834.64,524.116,240,121.09255218506,31.062189102173
1714477724,"2024-04-30 11:48:44",B7185,CZ3548,2994.66,525.968,254,121.07719421387,31.05774307251
1714477738,"2024-04-30 11:48:58",B7185,CZ3548,3169.92,531.524,254,121.05654144287,31.052619934082
1714477754,"2024-04-30 11:49:14",B7185,CZ3548,3261.36,564.86,254,121.0311050415,31.046339035034
1714477769,"2024-04-30 11:49:29",B7185,CZ3548,3352.8,592.64,255,121.00863647461,31.040950775146
1714477783,"2024-04-30 11:49:43",B7185,CZ3548,3512.82,607.456,255,120.98242950439,31.034700393677
1714477798,"2024-04-30 11:49:58",B7185,CZ3548,3680,612.9,254.6,120.95989990234,31.029327392578
1714477818,"2024-04-30 11:50:18",B7185,CZ3548,4000.5,627.828,254,120.92699432373,31.02131652832
1714477838,"2024-04-30 11:50:38",B7185,CZ3548,4373.88,638.94,254,120.88053894043,31.009889602661
1714477852,"2024-04-30 11:50:52",B7185,CZ3548,4541.52,646.348,254,120.86151123047,31.005109786987
1714477866,"2024-04-30 11:51:06",B7185,CZ3548,4762.5,653.756,254,120.83697509766,30.998949050903
1714477881,"2024-04-30 11:51:21",B7185,CZ3548,4983.48,663.016,254,120.80912780762,30.991966247559
1714477895,"2024-04-30 11:51:35",B7185,CZ3548,5204.46,668.572,254,120.78308868408,30.985401153564
1714477911,"2024-04-30 11:51:51",B7185,CZ3548,5425.44,677.832,254,120.75428771973,30.978149414062
1714477925,"2024-04-30 11:52:05",B7185,CZ3548,5646.42,685.24,254,120.72541809082,30.970962524414
1714477940,"2024-04-30 11:52:20",B7185,CZ3548,5829.3,687.092,254,120.69719696045,30.963869094849
1714477955,"2024-04-30 11:52:35",B7185,CZ3548,6027.42,694.5,254,120.66641235352,30.956069946289
1714477971,"2024-04-30 11:52:51",B7185,CZ3548,6202.68,700.056,254,120.63967895508,30.949359893799
1714477986,"2024-04-30 11:53:06",B7185,CZ3548,6377.94,707.464,254,120.60893249512,30.941709518433
1714478000,"2024-04-30 11:53:20",B7185,CZ3548,6553.2,718.576,254,120.58039093018,30.9345703125
1714478015,"2024-04-30 11:53:35",B7185,CZ3548,6728.46,725.984,254,120.54969024658,30.926879882812
1714478030,"2024-04-30 11:53:50",B7185,CZ3548,6918.96,731.54,254,120.51847839355,30.919069290161
1714478041,"2024-04-30 11:54:01",B7185,CZ3548,7056.12,735.244,254,120.49578857422,30.913339614868
1714478055,"2024-04-30 11:54:15",B7185,CZ3548,7231.38,738.948,251,120.46669769287,30.905550003052
1714478070,"2024-04-30 11:54:30",B7185,CZ3548,7437.12,737.096,238,120.43955993652,30.893419265747
1714478085,"2024-04-30 11:54:45",B7185,CZ3548,7635.24,738.948,228,120.41333770752,30.87479019165
1714478096,"2024-04-30 11:54:56",B7185,CZ3548,7764.78,737.096,227,120.39939117432,30.863340377808
1714478110,"2024-04-30 11:55:10",B7185,CZ3548,7917.18,742.652,234,120.37412261963,30.845790863037
1714478125,"2024-04-30 11:55:25",B7185,CZ3548,8084.82,748.208,234,120.34566497803,30.828056335449
1714478140,"2024-04-30 11:55:40",B7185,CZ3548,8221.98,753.764,235,120.32091522217,30.812850952148
1714478155,"2024-04-30 11:55:55",B7185,CZ3548,8374.38,759.32,235,120.29425048828,30.796447753906
1714478170,"2024-04-30 11:56:10",B7185,CZ3548,8519.16,766.728,234,120.26696014404,30.77965927124
1714478185,"2024-04-30 11:56:25",B7185,CZ3548,8694.42,768.58,235,120.23980712891,30.762950897217
1714478200,"2024-04-30 11:56:40",B7185,CZ3548,8839.2,772.284,235,120.21273040771,30.746290206909
1714478215,"2024-04-30 11:56:55",B7185,CZ3548,8983.98,777.84,229,120.18455505371,30.726943969727
1714478226,"2024-04-30 11:57:06",B7185,CZ3548,9067.8,785.248,226,120.16934204102,30.714279174805
1714478240,"2024-04-30 11:57:20",B7185,CZ3548,9220.2,788.952,222,120.14675140381,30.692920684814
1714478255,"2024-04-30 11:57:35",B7185,CZ3548,9357.36,796.36,219,120.12489318848,30.669940948486
1714478270,"2024-04-30 11:57:50",B7185,CZ3548,9540.24,794.508,216,120.10397338867,30.64520072937
1714478286,"2024-04-30 11:58:06",B7185,CZ3548,9723.12,790.804,215,120.08429718018,30.621040344238
1714478300,"2024-04-30 11:58:20",B7185,CZ3548,9913.62,785.248,215,120.06516265869,30.597240447998
1714478315,"2024-04-30 11:58:35",B7185,CZ3548,10073.64,783.396,215,120.04508209229,30.572069168091
1714478316,"2024-04-30 11:58:36",B7185,CZ3548,10104.12,783.396,215,120.04041290283,30.566289901733
1714478331,"2024-04-30 11:58:51",B7185,CZ3548,10180.32,785.248,215,120.02893066406,30.552093505859
1714478345,"2024-04-30 11:59:05",B7185,CZ3548,10340.34,779.692,216,120.00640869141,30.524440765381
1714478356,"2024-04-30 11:59:16",B7185,CZ3548,10378.44,770.432,215,119.99343109131,30.508390426636
1714478369,"2024-04-30 11:59:29",B7185,CZ3548,10401.3,757.468,214,119.97630310059,30.486190795898
1714478384,"2024-04-30 11:59:44",B7185,CZ3548,10401.3,757.468,212,119.95894622803,30.462339401245
1714478400,"2024-04-30 12:00:00",B7185,CZ3548,10393.68,761.172,210,119.94246673584,30.438129425049
1714478415,"2024-04-30 12:00:15",B7185,CZ3548,10393.68,761.172,210,119.92540740967,30.412630081177
1714478429,"2024-04-30 12:00:29",B7185,CZ3548,10393.68,761.172,211,119.90950775146,30.388740539551
1714478444,"2024-04-30 12:00:44",B7185,CZ3548,10393.68,759.32,210,119.8920211792,30.362550735474
1714478455,"2024-04-30 12:00:55",B7185,CZ3548,10393.68,757.468,211,119.88188171387,30.347219467163
1714478469,"2024-04-30 12:01:09",B7185,CZ3548,10393.68,757.468,211,119.86557769775,30.322719573975
1714478484,"2024-04-30 12:01:24",B7185,CZ3548,10393.68,757.468,211,119.84937286377,30.298370361328
1714478499,"2024-04-30 12:01:39",B7185,CZ3548,10393.68,759.32,210,119.83293914795,30.273700714111
1714478514,"2024-04-30 12:01:54",B7185,CZ3548,10393.68,757.468,211,119.81593322754,30.248020172119
1714478529,"2024-04-30 12:02:09",B7185,CZ3548,10393.68,757.468,211,119.79971313477,30.223709106445
1714478544,"2024-04-30 12:02:24",B7185,CZ3548,10393.68,759.32,210,119.78356170654,30.199359893799
1714478559,"2024-04-30 12:02:39",B7185,CZ3548,10393.68,759.32,210,119.76676177979,30.173999786377
1714478574,"2024-04-30 12:02:54",B7185,CZ3548,10393.68,759.32,210,119.75064849854,30.149639129639
1714478588,"2024-04-30 12:03:08",B7185,CZ3548,10393.68,757.468,211,119.73578643799,30.12726020813
1714478603,"2024-04-30 12:03:23",B7185,CZ3548,10393.68,757.468,210,119.7191696167,30.102069854736
1714478618,"2024-04-30 12:03:38",B7185,CZ3548,10393.68,759.32,210,119.70250701904,30.076900482178
1714478629,"2024-04-30 12:03:49",B7185,CZ3548,10393.68,757.468,210,119.69242095947,30.061851501465
1714478643,"2024-04-30 12:04:03",B7185,CZ3548,10393.68,757.468,211,119.67514801025,30.036209106445
1714478658,"2024-04-30 12:04:18",B7185,CZ3548,10393.68,757.468,210,119.65891265869,30.012180328369
1714478673,"2024-04-30 12:04:33",B7185,CZ3548,10393.68,759.32,211,119.64246368408,29.98777961731
1714478689,"2024-04-30 12:04:49",B7185,CZ3548,10393.68,759.32,211,119.62579345703,29.963020324707
1714478703,"2024-04-30 12:05:03",B7185,CZ3548,10393.68,759.32,211,119.60939025879,29.938520431519
1714478718,"2024-04-30 12:05:18",B7185,CZ3548,10393.68,759.32,211,119.59269714355,29.914031982422
1714478733,"2024-04-30 12:05:33",B7185,CZ3548,10393.68,757.468,213,119.57550811768,29.890230178833
1714478748,"2024-04-30 12:05:48",B7185,CZ3548,10393.68,755.616,215,119.55670928955,29.865600585938
1714478759,"2024-04-30 12:05:59",B7185,CZ3548,10393.68,757.468,215,119.54498291016,29.850769042969
1714478773,"2024-04-30 12:06:13",B7185,CZ3548,10393.68,755.616,215,119.526512146,29.827140808105
1714478788,"2024-04-30 12:06:28",B7185,CZ3548,10393.68,755.616,215,119.50805664062,29.803480148315
1714478803,"2024-04-30 12:06:43",B7185,CZ3548,10393.68,755.616,215,119.48951721191,29.779680252075
1714478818,"2024-04-30 12:06:58",B7185,CZ3548,10393.68,755.616,215,119.47172546387,29.7568359375
1714478833,"2024-04-30 12:07:13",B7185,CZ3548,10393.68,755.616,214,119.45320892334,29.7330493927
1714478844,"2024-04-30 12:07:24",B7185,CZ3548,10393.68,755.616,214,119.44077301025,29.717149734497
1714478858,"2024-04-30 12:07:38",B7185,CZ3548,10393.68,748.208,220,119.42122650146,29.694669723511
1714478869,"2024-04-30 12:07:49",B7185,CZ3548,10393.68,748.208,223,119.40737915039,29.681060791016
1714478883,"2024-04-30 12:08:03",B7185,CZ3548,10393.68,748.208,228,119.38430786133,29.661159515381
1714478898,"2024-04-30 12:08:18",B7185,CZ3548,10393.68,748.208,228,119.35954284668,29.641799926758
1714478914,"2024-04-30 12:08:34",B7185,CZ3548,10393.68,748.208,228,119.33560180664,29.622819900513
1714478928,"2024-04-30 12:08:48",B7185,CZ3548,10393.68,746.356,229,119.31221008301,29.604400634766
1714478944,"2024-04-30 12:09:04",B7185,CZ3548,10393.68,744.504,229,119.2893371582,29.586460113525
1714478958,"2024-04-30 12:09:18",B7185,CZ3548,10393.68,744.504,229,119.26551818848,29.567779541016
1714478970,"2024-04-30 12:09:30",B7185,CZ3548,10393.68,744.504,229,119.24835205078,29.554319381714
1714478983,"2024-04-30 12:09:43",B7185,CZ3548,10393.68,744.504,229,119.22567749023,29.536460876465
1714478999,"2024-04-30 12:09:59",B7185,CZ3548,10393.68,744.504,228,119.20113372803,29.517110824585
1714479013,"2024-04-30 12:10:13",B7185,CZ3548,10393.68,744.504,228,119.17762756348,29.498609542847
1714479028,"2024-04-30 12:10:28",B7185,CZ3548,10393.68,744.504,229,119.1544418335,29.480390548706
1714479044,"2024-04-30 12:10:44",B7185,CZ3548,10393.68,744.504,228,119.12972259521,29.460889816284
1714479058,"2024-04-30 12:10:58",B7185,CZ3548,10393.68,744.504,228,119.10585021973,29.442060470581
1714479074,"2024-04-30 12:11:14",B7185,CZ3548,10393.68,744.504,229,119.08345031738,29.424320220947
1714479088,"2024-04-30 12:11:28",B7185,CZ3548,10393.68,744.504,228,119.05951690674,29.405460357666
1714479103,"2024-04-30 12:11:43",B7185,CZ3548,10393.68,744.504,228,119.03437805176,29.385540008545
1714479118,"2024-04-30 12:11:58",B7185,CZ3548,10393.68,744.504,228,119.01141357422,29.36722946167
1714479133,"2024-04-30 12:12:13",B7185,CZ3548,10393.68,742.652,228,118.98827362061,29.348880767822
1714479148,"2024-04-30 12:12:28",B7185,CZ3548,10393.68,742.652,228,118.96440124512,29.329929351807
1714479164,"2024-04-30 12:12:44",B7185,CZ3548,10393.68,742.652,228,118.94100189209,29.311290740967
1714479178,"2024-04-30 12:12:58",B7185,CZ3548,10393.68,742.652,228,118.91728210449,29.292430877686
1714479189,"2024-04-30 12:13:09",B7185,CZ3548,10393.68,744.504,228,118.90200805664,29.280290603638
1714479203,"2024-04-30 12:13:23",B7185,CZ3548,10393.68,744.504,228,118.87745666504,29.260780334473
1714479218,"2024-04-30 12:13:38",B7185,CZ3548,10393.68,744.504,228,118.85478210449,29.242769241333
1714479234,"2024-04-30 12:13:54",B7185,CZ3548,10393.68,746.356,228,118.83065795898,29.223539352417
1714479248,"2024-04-30 12:14:08",B7185,CZ3548,10393.68,746.356,228,118.80464172363,29.202819824219
1714479264,"2024-04-30 12:14:24",B7185,CZ3548,10393.68,748.208,228,118.78412628174,29.186460494995
1714479278,"2024-04-30 12:14:38",B7185,CZ3548,10393.68,748.208,228,118.75968170166,29.166889190674
1714479293,"2024-04-30 12:14:53",B7185,CZ3548,10393.68,746.356,228,118.73571014404,29.147800445557
1714479304,"2024-04-30 12:15:04",B7185,CZ3548,10393.68,748.208,228,118.72068786621,29.13583946228
1714479318,"2024-04-30 12:15:18",B7185,CZ3548,10393.68,746.356,228,118.69666290283,29.1165599823
1714479333,"2024-04-30 12:15:33",B7185,CZ3548,10393.68,744.504,228,118.67294311523,29.097560882568
1714479348,"2024-04-30 12:15:48",B7185,CZ3548,10393.68,744.504,228,118.64938354492,29.078760147095
1714479364,"2024-04-30 12:16:04",B7185,CZ3548,10393.68,744.504,228,118.62509155273,29.059349060059
1714479378,"2024-04-30 12:16:18",B7185,CZ3548,10393.68,744.504,228,118.60195159912,29.040800094604
1714479393,"2024-04-30 12:16:33",B7185,CZ3548,10393.68,742.652,228,118.57833862305,29.021850585938
1714479404,"2024-04-30 12:16:44",B7185,CZ3548,10393.68,740.8,228,118.56331634521,29.009859085083
1714479418,"2024-04-30 12:16:58",B7185,CZ3548,10393.68,742.652,228,118.5406036377,28.991569519043
1714479433,"2024-04-30 12:17:13",B7185,CZ3548,10393.68,740.8,228,118.51657867432,28.972299575806
1714479448,"2024-04-30 12:17:28",B7185,CZ3548,10393.68,740.8,228,118.49385070801,28.954050064087
1714479463,"2024-04-30 12:17:43",B7185,CZ3548,10393.68,740.8,228,118.47032928467,28.93510055542
1714479474,"2024-04-30 12:17:54",B7185,CZ3548,10393.68,738.948,228,118.45496368408,28.922700881958
1714479488,"2024-04-30 12:18:08",B7185,CZ3548,10393.68,738.948,228,118.43067932129,28.903209686279
1714479504,"2024-04-30 12:18:24",B7185,CZ3548,10393.68,738.948,228,118.40585327148,28.883199691772
1714479518,"2024-04-30 12:18:38",B7185,CZ3548,10393.68,737.096,228,118.38381958008,28.865509033203
1714479533,"2024-04-30 12:18:53",B7185,CZ3548,10393.68,735.244,228,118.3617401123,28.847679138184
1714479548,"2024-04-30 12:19:08",B7185,CZ3548,10393.68,735.244,228,118.33895874023,28.82924079895
1714479563,"2024-04-30 12:19:23",B7185,CZ3548,10393.68,737.096,228,118.3147277832,28.809719085693
1714479578,"2024-04-30 12:19:38",B7185,CZ3548,10393.68,737.096,228,118.29170227051,28.791179656982
1714479593,"2024-04-30 12:19:53",B7185,CZ3548,10393.68,738.948,228,118.2692489624,28.773059844971
1714479608,"2024-04-30 12:20:08",B7185,CZ3548,10393.68,738.948,228,118.2462310791,28.754430770874
1714479619,"2024-04-30 12:20:19",B7185,CZ3548,10393.68,738.948,228,118.229637146,28.741069793701
1714479634,"2024-04-30 12:20:34",B7185,CZ3548,10393.68,740.8,228,118.20702362061,28.722780227661
1714479649,"2024-04-30 12:20:49",B7185,CZ3548,10393.68,742.652,228,118.18357849121,28.703800201416
1714479663,"2024-04-30 12:21:03",B7185,CZ3548,10393.68,742.652,228,118.16053771973,28.685020446777
1714479678,"2024-04-30 12:21:18",B7185,CZ3548,10393.68,740.8,228,118.1372833252,28.666120529175
1714479689,"2024-04-30 12:21:29",B7185,CZ3548,10393.68,742.652,228,118.12194061279,28.653720855713
1714479703,"2024-04-30 12:21:43",B7185,CZ3548,10393.68,742.652,228,118.09848022461,28.634719848633
1714479718,"2024-04-30 12:21:58",B7185,CZ3548,10393.68,740.8,228,118.07415771484,28.614959716797
1714479729,"2024-04-30 12:22:09",B7185,CZ3548,10393.68,740.8,228,118.0534286499,28.598159790039
1714479743,"2024-04-30 12:22:23",B7185,CZ3548,10393.68,740.8,228,118.03624725342,28.584239959717
1714479758,"2024-04-30 12:22:38",B7185,CZ3548,10393.68,737.096,228,118.01309204102,28.5654296875
1714479769,"2024-04-30 12:22:49",B7185,CZ3548,10393.68,733.392,228,117.99822998047,28.553419113159
1714479784,"2024-04-30 12:23:04",B7185,CZ3548,10393.68,727.836,228,117.97345733643,28.53318977356
1714479798,"2024-04-30 12:23:18",B7185,CZ3548,10393.68,725.984,228,117.95297241211,28.516529083252
1714479814,"2024-04-30 12:23:34",B7185,CZ3548,10393.68,725.984,228,117.92977905273,28.497699737549
1714479828,"2024-04-30 12:23:48",B7185,CZ3548,10393.68,724.132,228,117.90691375732,28.478900909424
1714479843,"2024-04-30 12:24:03",B7185,CZ3548,10393.68,720.428,227,117.88491821289,28.460779190063
1714479858,"2024-04-30 12:24:18",B7185,CZ3548,10393.68,718.576,226,117.86293792725,28.442070007324
1714479873,"2024-04-30 12:24:33",B7185,CZ3548,10393.68,716.724,227,117.84065246582,28.423070907593
1714479888,"2024-04-30 12:24:48",B7185,CZ3548,10393.68,714.872,226,117.81890869141,28.404510498047
1714479903,"2024-04-30 12:25:03",B7185,CZ3548,10393.68,713.02,227,117.79665374756,28.385509490967
1714479904,"2024-04-30 12:25:04",B7185,CZ3548,10393.68,713.02,227,117.7925567627,28.382030487061
1714479919,"2024-04-30 12:25:19",B7185,CZ3548,10393.68,711.168,227,117.77549743652,28.367610931396
1714479933,"2024-04-30 12:25:33",B7185,CZ3548,10393.68,709.316,227,117.75357818604,28.349029541016
1714479948,"2024-04-30 12:25:48",B7185,CZ3548,10393.68,705.612,227,117.72955322266,28.328670501709
1714479963,"2024-04-30 12:26:03",B7185,CZ3548,10393.68,705.612,227,117.71027374268,28.312229156494
1714479983,"2024-04-30 12:26:23",B7185,CZ3548,10393.68,705.612,227,117.67942047119,28.286039352417
1714479998,"2024-04-30 12:26:38",B7185,CZ3548,10393.68,705.612,227,117.65930175781,28.268920898438
1714480014,"2024-04-30 12:26:54",B7185,CZ3548,10393.68,705.612,227,117.63552093506,28.248739242554
1714480028,"2024-04-30 12:27:08",B7185,CZ3548,10393.68,707.464,227,117.61477661133,28.231090545654
1714480043,"2024-04-30 12:27:23",B7185,CZ3548,10393.68,707.464,227,117.59436798096,28.213729858398
1714480054,"2024-04-30 12:27:34",B7185,CZ3548,10393.68,709.316,227,117.58052825928,28.201900482178
1714480068,"2024-04-30 12:27:48",B7185,CZ3548,10393.68,707.464,227,117.55876922607,28.183380126953
1714480083,"2024-04-30 12:28:03",B7185,CZ3548,10393.68,705.612,227,117.53733825684,28.165050506592
1714480099,"2024-04-30 12:28:19",B7185,CZ3548,10393.68,705.612,227,117.51606750488,28.14693069458
1714480113,"2024-04-30 12:28:33",B7185,CZ3548,10393.68,707.464,227,117.49371337891,28.127880096436
1714480128,"2024-04-30 12:28:48",B7185,CZ3548,10393.68,711.168,226,117.46961975098,28.107280731201
1714480143,"2024-04-30 12:29:03",B7185,CZ3548,10393.68,711.168,227,117.45066070557,28.091129302979
1714480154,"2024-04-30 12:29:14",B7185,CZ3548,10393.68,711.168,227,117.43566131592,28.078310012817
1714480173,"2024-04-30 12:29:33",B7185,CZ3548,10393.68,707.464,226,117.40470123291,28.051820755005
1714480189,"2024-04-30 12:29:49",B7185,CZ3548,10393.68,705.612,227,117.38558959961,28.035459518433
1714480204,"2024-04-30 12:30:04",B7185,CZ3548,10393.68,705.612,227,117.36447143555,28.017370223999
1714480219,"2024-04-30 12:30:19",B7185,CZ3548,10393.68,705.612,227,117.34307098389,27.999069213867
1714480233,"2024-04-30 12:30:33",B7185,CZ3548,10393.68,705.612,226,117.3217086792,27.980779647827
1714480248,"2024-04-30 12:30:48",B7185,CZ3548,10393.68,707.464,226,117.29823303223,27.960569381714
1714480263,"2024-04-30 12:31:03",B7185,CZ3548,10393.68,705.612,227,117.27841949463,27.943590164185
1714480278,"2024-04-30 12:31:18",B7185,CZ3548,10393.68,705.612,227,117.25691986084,27.925140380859
1714480289,"2024-04-30 12:31:29",B7185,CZ3548,10393.68,709.316,227,117.24282836914,27.91309928894
1714480303,"2024-04-30 12:31:43",B7185,CZ3548,10393.68,709.316,226,117.2200012207,27.893400192261
1714480304,"2024-04-30 12:31:44",B7185,CZ3548,10393.68,711.168,226,117.21407318115,27.888339996338
1714480318,"2024-04-30 12:31:58",B7185,CZ3548,10393.68,711.168,226,117.19914245605,27.875469207764
1714480333,"2024-04-30 12:32:13",B7185,CZ3548,10393.68,711.168,226,117.17794799805,27.857250213623
1714480349,"2024-04-30 12:32:29",B7185,CZ3548,10393.68,709.316,227,117.15576934814,27.838260650635
1714480363,"2024-04-30 12:32:43",B7185,CZ3548,10393.68,707.464,226,117.13495635986,27.820360183716
1714480379,"2024-04-30 12:32:59",B7185,CZ3548,10393.68,709.316,226,117.11322021484,27.801540374756
1714480393,"2024-04-30 12:33:13",B7185,CZ3548,10393.68,711.168,227,117.09155273438,27.78284072876
1714480408,"2024-04-30 12:33:28",B7185,CZ3548,10393.68,713.02,226,117.06999969482,27.7643699646
1714480423,"2024-04-30 12:33:43",B7185,CZ3548,10393.68,711.168,226,117.04865264893,27.746019363403
1714480438,"2024-04-30 12:33:58",B7185,CZ3548,10393.68,711.168,226,117.02642059326,27.726789474487
1714480449,"2024-04-30 12:34:09",B7185,CZ3548,10393.68,709.316,226,117.00879669189,27.711589813232
1714480463,"2024-04-30 12:34:23",B7185,CZ3548,10393.68,705.612,226,116.99070739746,27.695890426636
1714480478,"2024-04-30 12:34:38",B7185,CZ3548,10393.68,707.464,226,116.96948242188,27.677450180054
1714480494,"2024-04-30 12:34:54",B7185,CZ3548,10393.68,709.316,227,116.94730377197,27.658359527588
1714480508,"2024-04-30 12:35:08",B7185,CZ3548,10393.68,709.316,226,116.92637634277,27.640300750732
1714480523,"2024-04-30 12:35:23",B7185,CZ3548,10393.68,711.168,226,116.90487670898,27.621719360352
1714480538,"2024-04-30 12:35:38",B7185,CZ3548,10393.68,709.316,226,116.88369750977,27.603380203247
1714480553,"2024-04-30 12:35:53",B7185,CZ3548,10393.68,709.316,226,116.86251831055,27.584989547729
1714480569,"2024-04-30 12:36:09",B7185,CZ3548,10393.68,711.168,227,116.83612823486,27.56217956543
1714480584,"2024-04-30 12:36:24",B7185,CZ3548,10393.68,711.168,227,116.81578063965,27.544870376587
1714480598,"2024-04-30 12:36:38",B7185,CZ3548,10393.68,709.316,227,116.79762268066,27.529399871826
1714480614,"2024-04-30 12:36:54",B7185,CZ3548,10393.68,711.168,227,116.77526855469,27.510320663452
1714480628,"2024-04-30 12:37:08",B7185,CZ3548,10393.68,711.168,227,116.7546081543,27.492740631104
1714480643,"2024-04-30 12:37:23",B7185,CZ3548,10393.68,711.168,227,116.73252868652,27.473880767822
1714480658,"2024-04-30 12:37:38",B7185,CZ3548,10393.68,713.02,227,116.71051025391,27.454969406128
1714480673,"2024-04-30 12:37:53",B7185,CZ3548,10393.68,713.02,227,116.68837738037,27.436029434204
1714480688,"2024-04-30 12:38:08",B7185,CZ3548,10393.68,713.02,227,116.66729736328,27.417959213257
1714480703,"2024-04-30 12:38:23",B7185,CZ3548,10393.68,709.316,227,116.64418029785,27.398069381714
1714480719,"2024-04-30 12:38:39",B7185,CZ3548,10393.68,709.316,227,116.62451934814,27.381189346313
1714480733,"2024-04-30 12:38:53",B7185,CZ3548,10393.68,711.168,227,116.6021270752,27.361959457397
1714480748,"2024-04-30 12:39:08",B7185,CZ3548,10393.68,711.168,227,116.58152008057,27.34428024292
1714480763,"2024-04-30 12:39:23",B7185,CZ3548,10393.68,714.872,227,116.56008148193,27.325790405273
1714480778,"2024-04-30 12:39:38",B7185,CZ3548,10393.68,718.576,227,116.537940979,27.306749343872
1714480793,"2024-04-30 12:39:53",B7185,CZ3548,10393.68,722.28,227,116.5161895752,27.288080215454
1714480809,"2024-04-30 12:40:09",B7185,CZ3548,10393.68,725.984,227,116.49231719971,27.267509460449
1714480823,"2024-04-30 12:40:23",B7185,CZ3548,10393.68,727.836,228,116.4725112915,27.250699996948
1714480839,"2024-04-30 12:40:39",B7185,CZ3548,10393.68,729.688,228,116.44989776611,27.232219696045
1714480854,"2024-04-30 12:40:54",B7185,CZ3548,10393.68,729.688,228,116.42587280273,27.212619781494
1714480868,"2024-04-30 12:41:08",B7185,CZ3548,10393.68,729.688,228,116.40305328369,27.194000244141
1714480883,"2024-04-30 12:41:23",B7185,CZ3548,10393.68,731.54,228,116.38076019287,27.175659179688
1714480898,"2024-04-30 12:41:38",B7185,CZ3548,10393.68,729.688,228,116.35846710205,27.157270431519
1714480913,"2024-04-30 12:41:53",B7185,CZ3548,10393.68,727.836,228,116.33672332764,27.1392993927
1714480928,"2024-04-30 12:42:08",B7185,CZ3548,10393.68,725.984,228,116.31284332275,27.119470596313
1714480943,"2024-04-30 12:42:23",B7185,CZ3548,10393.68,725.984,228,116.29122161865,27.101579666138
1714480958,"2024-04-30 12:42:38",B7185,CZ3548,10393.68,724.132,228,116.26519775391,27.079969406128
1714480978,"2024-04-30 12:42:58",B7185,CZ3548,10309.86,724.132,228,116.23980712891,27.058910369873
1714480994,"2024-04-30 12:43:14",B7185,CZ3548,10195.56,720.428,227,116.2154006958,27.038589477539
1714481008,"2024-04-30 12:43:28",B7185,CZ3548,10088.88,720.428,228,116.1950302124,27.02161026001
1714481024,"2024-04-30 12:43:44",B7185,CZ3548,9913.62,725.984,227,116.17324066162,27.003419876099
1714481039,"2024-04-30 12:43:59",B7185,CZ3548,9799.32,724.132,228,116.15052032471,26.984470367432
1714481053,"2024-04-30 12:44:13",B7185,CZ3548,9669.78,724.132,228,116.12712860107,26.965059280396
1714481068,"2024-04-30 12:44:28",B7185,CZ3548,9547.86,722.28,228,116.10398864746,26.945789337158
1714481083,"2024-04-30 12:44:43",B7185,CZ3548,9349.74,733.392,228,116.08180236816,26.927310943604
1714481099,"2024-04-30 12:44:59",B7185,CZ3548,9159.24,738.948,228,116.05445098877,26.904680252075
1714481113,"2024-04-30 12:45:13",B7185,CZ3548,9052.56,742.652,228,116.0378112793,26.890949249268
1714481129,"2024-04-30 12:45:29",B7185,CZ3548,8915.4,748.208,228,116.01577758789,26.872610092163
1714481142,"2024-04-30 12:45:42",B7185,CZ3548,8816.34,751.912,228,115.99871826172,26.858449935913
1714481153,"2024-04-30 12:45:53",B7185,CZ3548,8671.56,751.912,228,115.97115325928,26.835460662842
1714481164,"2024-04-30 12:46:04",B7185,CZ3548,8618.22,751.912,228,115.96096038818,26.82698059082
1714481178,"2024-04-30 12:46:18",B7185,CZ3548,8496.3,751.912,228,115.93866729736,26.808380126953
1714481189,"2024-04-30 12:46:29",B7185,CZ3548,8442.96,751.912,228,115.92250061035,26.79487991333
1714481203,"2024-04-30 12:46:43",B7185,CZ3548,8404.86,755.616,227,115.90016174316,26.77619934082
1714481219,"2024-04-30 12:46:59",B7185,CZ3548,8404.86,755.616,228,115.87622070312,26.756380081177
1714481234,"2024-04-30 12:47:14",B7185,CZ3548,8412.48,753.764,228,115.85130310059,26.735960006714
1714481248,"2024-04-30 12:47:28",B7185,CZ3548,8412.48,753.764,228,115.82952880859,26.718059539795
1714481264,"2024-04-30 12:47:44",B7185,CZ3548,8412.48,753.764,228,115.80409240723,26.69713973999
1714481279,"2024-04-30 12:47:59",B7185,CZ3548,8412.48,753.764,228,115.78273773193,26.679470062256
1714481294,"2024-04-30 12:48:14",B7185,CZ3548,8412.48,753.764,228,115.76045227051,26.661069869995
1714481309,"2024-04-30 12:48:29",B7185,CZ3548,8412.48,751.912,228,115.73319244385,26.638639450073
1714481323,"2024-04-30 12:48:43",B7185,CZ3548,8412.48,753.764,228,115.71292114258,26.621870040894
1714481334,"2024-04-30 12:48:54",B7185,CZ3548,8412.48,753.764,228,115.69512176514,26.607160568237
1714481348,"2024-04-30 12:49:08",B7185,CZ3548,8412.48,757.468,228,115.67546844482,26.590869903564
1714481359,"2024-04-30 12:49:19",B7185,CZ3548,8412.48,757.468,228,115.65946960449,26.577600479126
1714481373,"2024-04-30 12:49:33",B7185,CZ3548,8412.48,757.468,228,115.63616943359,26.558380126953
1714481384,"2024-04-30 12:49:44",B7185,CZ3548,8412.48,751.912,228,115.61541748047,26.541200637817
1714481398,"2024-04-30 12:49:58",B7185,CZ3548,8412.48,750.06,228,115.59700012207,26.525850296021
1714481409,"2024-04-30 12:50:09",B7185,CZ3548,8412.48,748.208,228,115.58181762695,26.513259887695
1714481423,"2024-04-30 12:50:23",B7185,CZ3548,8412.48,746.356,228,115.55892181396,26.494260787964
1714481434,"2024-04-30 12:50:34",B7185,CZ3548,8412.48,744.504,228,115.54456329346,26.482360839844
1714481449,"2024-04-30 12:50:49",B7185,CZ3548,8412.48,744.504,228,115.52012634277,26.462110519409
1714481463,"2024-04-30 12:51:03",B7185,CZ3548,8412.48,748.208,228,115.49340820312,26.439929962158
1714481474,"2024-04-30 12:51:14",B7185,CZ3548,8412.48,748.208,228,115.48330688477,26.431549072266
1714481488,"2024-04-30 12:51:28",B7185,CZ3548,8412.48,748.208,228,115.46035003662,26.412460327148
1714481503,"2024-04-30 12:51:43",B7185,CZ3548,8412.48,748.208,228,115.43739318848,26.393369674683
1714481518,"2024-04-30 12:51:58",B7185,CZ3548,8412.48,748.208,228,115.41111755371,26.37154006958
1714481533,"2024-04-30 12:52:13",B7185,CZ3548,8412.48,746.356,228,115.39147949219,26.3551902771
1714481548,"2024-04-30 12:52:28",B7185,CZ3548,8412.48,746.356,228,115.36888122559,26.336380004883
1714481559,"2024-04-30 12:52:39",B7185,CZ3548,8412.48,746.356,228,115.35243225098,26.322639465332
1714481573,"2024-04-30 12:52:53",B7185,CZ3548,8412.48,748.208,228,115.32981872559,26.303829193115
1714481584,"2024-04-30 12:53:04",B7185,CZ3548,8412.48,748.208,228,115.31456756592,26.291059494019
1714481598,"2024-04-30 12:53:18",B7185,CZ3548,8412.48,750.06,228,115.29270172119,26.272800445557
1714481609,"2024-04-30 12:53:29",B7185,CZ3548,8412.48,751.912,228,115.27738189697,26.259979248047
1714481623,"2024-04-30 12:53:43",B7185,CZ3548,8412.48,755.616,228,115.25025939941,26.237369537354
1714481638,"2024-04-30 12:53:58",B7185,CZ3548,8412.48,759.32,228,115.22914886475,26.219709396362
1714481653,"2024-04-30 12:54:13",B7185,CZ3548,8412.48,757.468,228,115.20642089844,26.200740814209
1714481669,"2024-04-30 12:54:29",B7185,CZ3548,8412.48,757.468,228,115.18464660645,26.182569503784
1714481683,"2024-04-30 12:54:43",B7185,CZ3548,8412.48,755.616,228,115.16139221191,26.16309928894
1714481698,"2024-04-30 12:54:58",B7185,CZ3548,8412.48,755.616,228,115.13790893555,26.143390655518
1714481713,"2024-04-30 12:55:13",B7185,CZ3548,8412.48,757.468,228,115.11531829834,26.124439239502
1714481728,"2024-04-30 12:55:28",B7185,CZ3548,8412.48,757.468,228,115.09188842773,26.10479927063
1714481739,"2024-04-30 12:55:39",B7185,CZ3548,8412.48,757.468,228,115.07675933838,26.092119216919
1714481753,"2024-04-30 12:55:53",B7185,CZ3548,8412.48,757.468,228,115.05378723145,26.07287979126
1714481764,"2024-04-30 12:56:04",B7185,CZ3548,8412.48,757.468,228,115.03820800781,26.059850692749
1714481778,"2024-04-30 12:56:18",B7185,CZ3548,8412.48,757.468,228,115.014503479,26.039930343628
1714481793,"2024-04-30 12:56:33",B7185,CZ3548,8412.48,759.32,227,114.99167633057,26.020790100098
1714481809,"2024-04-30 12:56:49",B7185,CZ3548,8412.48,761.172,228,114.96853637695,26.001289367676
1714481823,"2024-04-30 12:57:03",B7185,CZ3548,8412.48,763.024,228,114.94535827637,25.981830596924
1714481839,"2024-04-30 12:57:19",B7185,CZ3548,8412.48,761.172,228,114.92153167725,25.961809158325
1714481853,"2024-04-30 12:57:33",B7185,CZ3548,8412.48,761.172,228,114.89861297607,25.942579269409
1714481868,"2024-04-30 12:57:48",B7185,CZ3548,8412.48,761.172,228,114.87558746338,25.923519134521
1714481883,"2024-04-30 12:58:03",B7185,CZ3548,8412.48,763.024,228,114.85208129883,25.904039382935
1714481898,"2024-04-30 12:58:18",B7185,CZ3548,8412.48,764.876,228,114.82936096191,25.885160446167
1714481913,"2024-04-30 12:58:33",B7185,CZ3548,8412.48,766.728,228,114.80532836914,25.865169525146
1714481924,"2024-04-30 12:58:44",B7185,CZ3548,8412.48,766.728,228,114.78749084473,25.850370407104
1714481939,"2024-04-30 12:58:59",B7185,CZ3548,8412.48,775.988,228,114.76439666748,25.831190109253
1714481953,"2024-04-30 12:59:13",B7185,CZ3548,8412.48,794.508,228,114.7412109375,25.812059402466
1714481968,"2024-04-30 12:59:28",B7185,CZ3548,8412.48,807.472,229,114.716796875,25.792129516602
1714481979,"2024-04-30 12:59:39",B7185,CZ3548,8412.48,813.028,229,114.6999130249,25.77845954895
1714481993,"2024-04-30 12:59:53",B7185,CZ3548,8412.48,813.028,229,114.67192077637,25.75572013855
1714482008,"2024-04-30 13:00:08",B7185,CZ3548,8412.48,814.88,229,114.65093994141,25.738689422607
1714482023,"2024-04-30 13:00:23",B7185,CZ3548,8412.48,816.732,229,114.62452697754,25.717250823975
1714482038,"2024-04-30 13:00:38",B7185,CZ3548,8412.48,818.584,229,114.60144805908,25.698560714722
1714482052,"2024-04-30 13:00:52",B7185,CZ3548,8412.48,818.584,229,114.57662200928,25.678400039673
1714482068,"2024-04-30 13:01:08",B7185,CZ3548,8382,816.732,228,114.55123901367,25.657649993896
1714482082,"2024-04-30 13:01:22",B7185,CZ3548,8298.18,816.732,229,114.52571105957,25.636829376221
1714482097,"2024-04-30 13:01:37",B7185,CZ3548,8206.74,809.324,229,114.50022125244,25.616130828857
1714482108,"2024-04-30 13:01:48",B7185,CZ3548,8153.4,798.212,228,114.48375701904,25.602710723877
1714482119,"2024-04-30 13:01:59",B7185,CZ3548,8084.82,785.248,228,114.46492767334,25.587299346924
1714482132,"2024-04-30 13:02:12",B7185,CZ3548,7978.14,775.988,228,114.44188690186,25.568260192871
1714482152,"2024-04-30 13:02:32",B7185,CZ3548,7795.26,763.024,227,114.41126251221,25.542469024658
1714482167,"2024-04-30 13:02:47",B7185,CZ3548,7658.1,753.764,228,114.38509368896,25.520399093628
1714482266,"2024-04-30 13:04:26",B7185,CZ3548,6987.54,681.536,227,114.24632263184,25.401260375977
1714482280,"2024-04-30 13:04:40",B7185,CZ3548,6880.86,679.684,227,114.23008728027,25.387069702148
1714482295,"2024-04-30 13:04:55",B7185,CZ3548,6743.7,674.128,226,114.20879364014,25.368320465088
1714482306,"2024-04-30 13:05:06",B7185,CZ3548,6675.12,672.276,226,114.19682312012,25.357749938965
1714482320,"2024-04-30 13:05:20",B7185,CZ3548,6606.54,663.016,227,114.17562103271,25.339050292969
1714482331,"2024-04-30 13:05:31",B7185,CZ3548,6568.44,655.608,227,114.16345977783,25.328430175781
1714482345,"2024-04-30 13:05:45",B7185,CZ3548,6469.38,648.2,227,114.14250946045,25.310300827026
1714482360,"2024-04-30 13:06:00",B7185,CZ3548,6393.18,644.496,227,114.12460327148,25.29474067688
1714482375,"2024-04-30 13:06:15",B7185,CZ3548,6316.98,638.94,227,114.10524749756,25.278049468994
1714482386,"2024-04-30 13:06:26",B7185,CZ3548,6263.64,633.384,227,114.09285736084,25.267269134521
1714482397,"2024-04-30 13:06:37",B7185,CZ3548,6202.68,627.828,227,114.07842254639,25.254730224609
1714482411,"2024-04-30 13:06:51",B7185,CZ3548,6134.1,622.272,227,114.06051635742,25.239320755005
1714482426,"2024-04-30 13:07:06",B7185,CZ3548,6057.9,622.272,227,114.04228210449,25.223489761353
1714482441,"2024-04-30 13:07:21",B7185,CZ3548,6004.56,625.976,227,114.02362823486,25.207290649414
1714482456,"2024-04-30 13:07:36",B7185,CZ3548,5996.94,635.236,227,114.00269317627,25.189039230347
1714482471,"2024-04-30 13:07:51",B7185,CZ3548,6004.56,635.236,227,113.98491668701,25.173629760742
1714482486,"2024-04-30 13:08:06",B7185,CZ3548,6004.56,633.384,221,113.96616363525,25.156219482422
1714482497,"2024-04-30 13:08:17",B7185,CZ3548,6004.56,637.088,216,113.95639801025,25.144269943237
1714482512,"2024-04-30 13:08:32",B7185,CZ3548,6004.56,644.496,206,113.94332885742,25.122890472412
1714482526,"2024-04-30 13:08:46",B7185,CZ3548,5966.46,659.312,196,113.93422698975,25.099239349365
1714482542,"2024-04-30 13:09:02",B7185,CZ3548,5897.88,657.46,195,113.92714691162,25.075199127197
1714482556,"2024-04-30 13:09:16",B7185,CZ3548,5829.3,651.904,195,113.920753479,25.052440643311
1714482571,"2024-04-30 13:09:31",B7185,CZ3548,5753.1,642.644,195,113.91407775879,25.028390884399
1714482587,"2024-04-30 13:09:47",B7185,CZ3548,5684.52,635.236,195,113.90775299072,25.005630493164
1714482602,"2024-04-30 13:10:02",B7185,CZ3548,5600.7,631.532,195,113.90096282959,24.981470108032
1714482616,"2024-04-30 13:10:16",B7185,CZ3548,5524.5,625.976,195,113.89440155029,24.958419799805
1714482631,"2024-04-30 13:10:31",B7185,CZ3548,5394.96,625.976,195,113.88780212402,24.935989379883
1714482646,"2024-04-30 13:10:46",B7185,CZ3548,5250.18,625.976,195,113.88131713867,24.913869857788
1714482661,"2024-04-30 13:11:01",B7185,CZ3548,5074.92,629.68,195,113.87370300293,24.887369155884
1714482676,"2024-04-30 13:11:16",B7185,CZ3548,4914.9,629.68,195,113.8666305542,24.862930297852
1714482692,"2024-04-30 13:11:32",B7185,CZ3548,4808.22,627.828,195,113.86144256592,24.845119476318
1714482706,"2024-04-30 13:11:46",B7185,CZ3548,4701.54,622.272,195,113.85492706299,24.82287979126
1714482720,"2024-04-30 13:12:00",B7185,CZ3548,4579.62,620.42,195,113.84832000732,24.800029754639
1714482735,"2024-04-30 13:12:15",B7185,CZ3548,4434.84,618.568,195,113.84120178223,24.775310516357
1714482750,"2024-04-30 13:12:30",B7185,CZ3548,4297.68,614.864,195,113.83396911621,24.75
1714482768,"2024-04-30 13:12:48",B7185,CZ3548,4213.86,611.16,195,113.82731628418,24.726589202881
1714482782,"2024-04-30 13:13:02",B7185,CZ3548,4198.62,609.308,195,113.82183074951,24.707460403442
1714482827,"2024-04-30 13:13:47",B7185,CZ3548,4206.24,650.052,165,113.81436920166,24.635959625244
1714482853,"2024-04-30 13:14:13",B7185,CZ3548,4206.24,653.756,163,113.82971191406,24.59614944458
1714482864,"2024-04-30 13:14:24",B7185,CZ3548,4206.24,644.496,168,113.83261108398,24.583400726318
1714482878,"2024-04-30 13:14:38",B7185,CZ3548,4206.24,629.68,179,113.83441925049,24.559940338135
1714482893,"2024-04-30 13:14:53",B7185,CZ3548,4206.24,614.864,192,113.83152770996,24.536220550537
1714482908,"2024-04-30 13:15:08",B7185,CZ3548,4206.24,607.456,202,113.82401275635,24.514360427856
1714482923,"2024-04-30 13:15:23",B7185,CZ3548,4206.24,598.196,208,113.81275939941,24.493740081787
1714482937,"2024-04-30 13:15:37",B7185,CZ3548,4206.24,598.196,208,113.80229187012,24.475709915161
1714482951,"2024-04-30 13:15:51",B7185,CZ3548,4191,598.196,209,113.79125976562,24.456920623779
1714482972,"2024-04-30 13:16:12",B7185,CZ3548,4038.6,598.196,209,113.77269744873,24.425489425659
1714483075,"2024-04-30 13:17:55",B7185,CZ3548,3596.64,601.9,190,113.7054977417,24.289720535278
1714483090,"2024-04-30 13:18:10",B7185,CZ3548,3596.64,603.752,190,113.70114135742,24.265069961548
1714483106,"2024-04-30 13:18:26",B7185,CZ3548,3596.64,605.604,189,113.69786834717,24.245590209961
1714483130,"2024-04-30 13:18:50",B7185,CZ3548,3596.64,607.456,189,113.69093322754,24.20339012146
1714483169,"2024-04-30 13:19:29",B7185,CZ3548,3596.64,590.788,197,113.6778717041,24.144639968872
1714483184,"2024-04-30 13:19:44",B7185,CZ3548,3596.64,590.788,199,113.67269134521,24.130029678345
1714483199,"2024-04-30 13:19:59",B7185,CZ3548,3596.64,590.788,199,113.66423797607,24.106519699097
1714483214,"2024-04-30 13:20:14",B7185,CZ3548,3596.64,590.788,199,113.65595245361,24.083469390869
1714483225,"2024-04-30 13:20:25",B7185,CZ3548,3596.64,588.936,199,113.65234375,24.0735206604
1714483239,"2024-04-30 13:20:39",B7185,CZ3548,3596.64,587.084,199,113.64335632324,24.048789978027
1714483250,"2024-04-30 13:20:50",B7185,CZ3548,3596.64,587.084,199,113.63800048828,24.03396987915
1714483264,"2024-04-30 13:21:04",B7185,CZ3548,3596.64,587.084,199,113.63215637207,24.017740249634
1714483265,"2024-04-30 13:21:05",B7185,CZ3548,3596.64,587.084,199,113.63027191162,24.012449264526
1714483279,"2024-04-30 13:21:19",B7185,CZ3548,3596.64,588.936,199,113.62433624268,23.995910644531
1714483294,"2024-04-30 13:21:34",B7185,CZ3548,3596.64,588.936,199,113.61688995361,23.975189208984
1714483309,"2024-04-30 13:21:49",B7185,CZ3548,3596.64,585.232,199,113.6095199585,23.9547996521
1714483325,"2024-04-30 13:22:05",B7185,CZ3548,3596.64,587.084,199,113.60215759277,23.934089660645
1714483339,"2024-04-30 13:22:19",B7185,CZ3548,3596.64,587.084,199,113.59477233887,23.913070678711
1714483350,"2024-04-30 13:22:30",B7185,CZ3548,3596.64,587.084,199,113.58986663818,23.899080276489
1714483364,"2024-04-30 13:22:44",B7185,CZ3548,3596.64,585.232,198,113.58241271973,23.877819061279
1714483379,"2024-04-30 13:22:59",B7185,CZ3548,3596.64,585.232,199,113.57502746582,23.856859207153
1714483380,"2024-04-30 13:23:00",B7185,CZ3548,3596.64,585.232,199,113.57314300537,23.851409912109
1714483394,"2024-04-30 13:23:14",B7185,CZ3548,3596.64,585.232,199,113.56775665283,23.836349487305
1714483409,"2024-04-30 13:23:29",B7185,CZ3548,3596.64,587.084,199,113.56018066406,23.814960479736
1714483424,"2024-04-30 13:23:44",B7185,CZ3548,3596.64,570.416,213,113.54971313477,23.7955493927
1714483439,"2024-04-30 13:23:59",B7185,CZ3548,3566.16,577.824,228,113.53343200684,23.780000686646
1714483450,"2024-04-30 13:24:10",B7185,CZ3548,3520.44,579.676,220,113.52256011963,23.769390106201
1714483464,"2024-04-30 13:24:24",B7185,CZ3548,3451.86,585.232,204,113.5111618042,23.750249862671
1714483479,"2024-04-30 13:24:39",B7185,CZ3548,3383.28,588.936,199,113.50296020508,23.729230880737
1714483494,"2024-04-30 13:24:54",B7185,CZ3548,3307.08,600.048,189,113.49761962891,23.70717048645
1714483509,"2024-04-30 13:25:09",B7185,CZ3548,3291.84,603.752,182,113.49624633789,23.684600830078
1714483524,"2024-04-30 13:25:24",B7185,CZ3548,3291.84,603.752,182,113.49587249756,23.661479949951
1714483539,"2024-04-30 13:25:39",B7185,CZ3548,3291.84,596.344,187,113.49446868896,23.63950920105
1714483554,"2024-04-30 13:25:54",B7185,CZ3548,3284.22,579.676,195,113.48993682861,23.617950439453
1714483570,"2024-04-30 13:26:10",B7185,CZ3548,3261.36,553.748,199,113.48297119141,23.597049713135
1714483584,"2024-04-30 13:26:24",B7185,CZ3548,3200.4,542.636,199,113.47650909424,23.578260421753
1714483599,"2024-04-30 13:26:39",B7185,CZ3548,3124.2,533.376,199,113.46965026855,23.558809280396
1714483614,"2024-04-30 13:26:54",B7185,CZ3548,3048,525.968,199,113.46295166016,23.540180206299
1714483629,"2024-04-30 13:27:09",B7185,CZ3548,2964.18,518.56,198,113.45600891113,23.520519256592
1714483644,"2024-04-30 13:27:24",B7185,CZ3548,2872.74,516.708,199,113.44982147217,23.502870559692
1714483659,"2024-04-30 13:27:39",B7185,CZ3548,2773.68,516.708,198,113.44325256348,23.48424911499
1714483674,"2024-04-30 13:27:54",B7185,CZ3548,2667,516.708,199,113.43682861328,23.465969085693
1714483689,"2024-04-30 13:28:09",B7185,CZ3548,2567.94,514.856,198,113.43019104004,23.446880340576
1714483705,"2024-04-30 13:28:25",B7185,CZ3548,2476.5,514.856,196,113.4245300293,23.429000854492
1714483719,"2024-04-30 13:28:39",B7185,CZ3548,2423.16,503.744,195,113.41938781738,23.410469055176
1714483735,"2024-04-30 13:28:55",B7185,CZ3548,2331.72,501.892,195,113.41441345215,23.391849517822
1714483749,"2024-04-30 13:29:09",B7185,CZ3548,2240.28,498.188,195,113.40937042236,23.373369216919
1714483764,"2024-04-30 13:29:24",B7185,CZ3548,2156.46,492.632,195,113.40448760986,23.355350494385
1714483779,"2024-04-30 13:29:39",B7185,CZ3548,2065.02,488.928,195,113.39962768555,23.337429046631
1714483794,"2024-04-30 13:29:54",B7185,CZ3548,1927.86,496.336,194,113.39453887939,23.319309234619
1714483810,"2024-04-30 13:30:10",B7185,CZ3548,1821.18,503.744,194,113.389793396,23.301179885864
1714483824,"2024-04-30 13:30:24",B7185,CZ3548,1722.12,503.744,194,113.38494873047,23.283050537109
1714483840,"2024-04-30 13:30:40",B7185,CZ3548,1623.06,503.744,195,113.37992095947,23.264570236206
1714483855,"2024-04-30 13:30:55",B7185,CZ3548,1546.86,496.336,195,113.37490844727,23.245929718018
1714483869,"2024-04-30 13:31:09",B7185,CZ3548,1539.24,474.112,195,113.37021636963,23.228490829468
1714483884,"2024-04-30 13:31:24",B7185,CZ3548,1539.24,446.332,194,113.36566925049,23.211549758911
1714483899,"2024-04-30 13:31:39",B7185,CZ3548,1546.86,418.552,195,113.36155700684,23.195959091187
1714483914,"2024-04-30 13:31:54",B7185,CZ3548,1554.48,390.772,194,113.35768127441,23.181198120117
1714483929,"2024-04-30 13:32:09",B7185,CZ3548,1546.86,359.288,193,113.35430145264,23.168300628662
1714483940,"2024-04-30 13:32:20",B7185,CZ3548,1546.86,348.176,195,113.35195159912,23.159509658813
1714483954,"2024-04-30 13:32:34",B7185,CZ3548,1546.86,353.732,195,113.34838867188,23.146150588989
1714483969,"2024-04-30 13:32:49",B7185,CZ3548,1546.86,359.288,194,113.3450012207,23.13313293457
1714483985,"2024-04-30 13:33:05",B7185,CZ3548,1546.86,357.436,194,113.34146881104,23.120170593262
1714484000,"2024-04-30 13:33:20",B7185,CZ3548,1546.86,357.436,194,113.33786010742,23.106990814209
1714484015,"2024-04-30 13:33:35",B7185,CZ3548,1546.86,351.88,193,113.33455657959,23.094060897827
1714484029,"2024-04-30 13:33:49",B7185,CZ3548,1546.86,351.88,195,113.33116912842,23.081449508667
1714484040,"2024-04-30 13:34:00",B7185,CZ3548,1546.86,350.028,194,113.328956604,23.072870254517
1714484054,"2024-04-30 13:34:14",B7185,CZ3548,1546.86,353.732,195,113.32562255859,23.060070037842
1714484069,"2024-04-30 13:34:29",B7185,CZ3548,1546.86,353.732,216,113.31964874268,23.048009872437
1714484084,"2024-04-30 13:34:44",B7185,CZ3548,1546.86,359.288,254,113.30725097656,23.041210174561
1714484099,"2024-04-30 13:34:59",B7185,CZ3548,1546.86,362.992,278,113.2924118042,23.04149055481
1714484110,"2024-04-30 13:35:10",B7185,CZ3548,1546.86,364.844,293,113.28308105469,23.043870925903
1714484124,"2024-04-30 13:35:24",B7185,CZ3548,1516.38,375.956,327,113.2720413208,23.053270339966
1714484139,"2024-04-30 13:35:39",B7185,CZ3548,1470.66,379.66,348,113.26725006104,23.066669464111
1714484154,"2024-04-30 13:35:54",B7185,CZ3548,1417.32,381.512,350,113.26421356201,23.081300735474
1714484169,"2024-04-30 13:36:09",B7185,CZ3548,1363.98,377.808,350,113.26141357422,23.095079421997
1714484184,"2024-04-30 13:36:24",B7185,CZ3548,1310.64,374.104,350,113.2585067749,23.109090805054
1714484195,"2024-04-30 13:36:35",B7185,CZ3548,1272.54,375.956,348,113.25646209717,23.118799209595
1714484209,"2024-04-30 13:36:49",B7185,CZ3548,1226.82,370.4,350,113.2536315918,23.131950378418
1714484220,"2024-04-30 13:37:00",B7185,CZ3548,1188.72,368.548,350,113.25164794922,23.141399383545
1714484234,"2024-04-30 13:37:14",B7185,CZ3548,1135.38,368.548,3,113.2504196167,23.154830932617
1714484250,"2024-04-30 13:37:30",B7185,CZ3548,1082.04,372.252,15,113.25346374512,23.168519973755
1714484265,"2024-04-30 13:37:45",B7185,CZ3548,1028.7,372.252,14,113.25746154785,23.182249069214
1714484279,"2024-04-30 13:37:59",B7185,CZ3548,975.36,366.696,14,113.26106262207,23.195680618286
1714484290,"2024-04-30 13:38:10",B7185,CZ3548,960.12,364.844,13,113.26360321045,23.205410003662
1714484301,"2024-04-30 13:38:21",B7185,CZ3548,960.12,364.844,13,113.26573944092,23.213550567627
1714484302,"2024-04-30 13:38:22",B7185,CZ3548,952.5,362.992,13,113.26664733887,23.217180252075
1714484315,"2024-04-30 13:38:35",B7185,CZ3548,899.16,357.436,13,113.26930236816,23.227100372314
1714484329,"2024-04-30 13:38:49",B7185,CZ3548,822.96,353.732,14,113.2727432251,23.239839553833
1714484344,"2024-04-30 13:39:04",B7185,CZ3548,746.76,344.472,13,113.27616119385,23.252700805664
1714484359,"2024-04-30 13:39:19",B7185,CZ3548,678.18,320.396,14,113.2795715332,23.265270233154
1714484375,"2024-04-30 13:39:35",B7185,CZ3548,624.84,290.764,14,113.28231811523,23.275560379028
1714484390,"2024-04-30 13:39:50",B7185,CZ3548,556.26,261.132,14,113.28511810303,23.285749435425
1714484404,"2024-04-30 13:40:04",B7185,CZ3548,510.54,259.28,14,113.28762054443,23.294910430908
1714484419,"2024-04-30 13:40:19",B7185,CZ3548,449.58,255.576,13,113.29015350342,23.304330825806
1714484434,"2024-04-30 13:40:34",B7185,CZ3548,396.24,259.28,14,113.29264068604,23.313829421997
1714484449,"2024-04-30 13:40:49",B7185,CZ3548,342.9,262.984,14,113.29528808594,23.323280334473
1714484460,"2024-04-30 13:41:00",B7185,CZ3548,304.8,261.132,14,113.29707336426,23.329839706421
1714484474,"2024-04-30 13:41:14",B7185,CZ3548,251.46,264.836,14,113.29955291748,23.339401245117
1714484489,"2024-04-30 13:41:29",B7185,CZ3548,190.5,270.392,14,113.30220031738,23.349149703979
1714484505,"2024-04-30 13:41:45",B7185,CZ3548,129.54,275.948,14,113.30494689941,23.359359741211
1714484519,"2024-04-30 13:41:59",B7185,CZ3548,76.2,279.652,14,113.30774688721,23.369739532471
1714484534,"2024-04-30 13:42:14",B7185,CZ3548,53.34,270.392,14,113.31034088135,23.379369735718
1714484545,"2024-04-30 13:42:25",B7185,CZ3548,38.1,200.016,14,113.31211853027,23.385940551758
1714484560,"2024-04-30 13:42:40",B7185,CZ3548,0,46.3,11,113.3130569458,23.389419555664
1714484574,"2024-04-30 13:42:54",B7185,CZ3548,0,38.892,345,113.31284332275,23.390769958496
1714484587,"2024-04-30 13:43:07",B7185,CZ3548,0,37.04,345,113.31249237061,23.391990661621
1714484600,"2024-04-30 13:43:20",B7185,CZ3548,0,29.632,345,113.31223297119,23.39296913147
1714484614,"2024-04-30 13:43:34",B7185,CZ3548,0,27.78,11,113.31228637695,23.393999099731
1714484628,"2024-04-30 13:43:48",B7185,CZ3548,0,31.484,14,113.31255340576,23.394950866699
1714484643,"2024-04-30 13:44:03",B7185,CZ3548,0,37.04,14,113.31285095215,23.396099090576
1714484657,"2024-04-30 13:44:17",B7185,CZ3548,0,40.744,14,113.31320953369,23.397409439087
1714484672,"2024-04-30 13:44:32",B7185,CZ3548,0,46.3,14,113.31365966797,23.399070739746
1714484690,"2024-04-30 13:44:50",B7185,CZ3548,0,44.448,14,113.31407928467,23.400619506836
1714484692,"2024-04-30 13:44:52",B7185,CZ3548,0,42.596,14,113.31429290771,23.40138053894
1714484707,"2024-04-30 13:45:07",B7185,CZ3548,0,31.484,14,113.31455993652,23.402379989624
1714484718,"2024-04-30 13:45:18",B7185,CZ3548,0,18.52,14,113.31469726562,23.402900695801
1714484731,"2024-04-30 13:45:31",B7185,CZ3548,0,16.668,300,113.31430053711,23.403230667114
1714484747,"2024-04-30 13:45:47",B7185,CZ3548,0,22.224,284,113.31355285645,23.403369903564
1714484760,"2024-04-30 13:46:00",B7185,CZ3548,0,29.632,284,113.31250762939,23.403610229492
1714484771,"2024-04-30 13:46:11",B7185,CZ3548,0,29.632,284,113.31172943115,23.403800964355
1714484784,"2024-04-30 13:46:24",B7185,CZ3548,0,24.076,284,113.31083679199,23.404010772705
1714484796,"2024-04-30 13:46:36",B7185,CZ3548,0,27.78,284,113.30977630615,23.404249191284
1714484807,"2024-04-30 13:46:47",B7185,CZ3548,0,29.632,284,113.30902099609,23.404430389404
1714484818,"2024-04-30 13:46:58",B7185,CZ3548,0,29.632,284,113.30829620361,23.404590606689
1714484831,"2024-04-30 13:47:11",B7185,CZ3548,0,27.78,284,113.3074798584,23.404790878296
1714484844,"2024-04-30 13:47:24",B7185,CZ3548,0,27.78,284,113.30653381348,23.405000686646
1714484855,"2024-04-30 13:47:35",B7185,CZ3548,0,27.78,284,113.30574798584,23.405179977417
1714484870,"2024-04-30 13:47:50",B7185,CZ3548,0,11.112,275,113.30512237549,23.405279159546
1714484881,"2024-04-30 13:48:01",B7185,CZ3548,0,12.964,233,113.30493927002,23.405090332031
1714484892,"2024-04-30 13:48:12",B7185,CZ3548,0,12.964,205,113.30484008789,23.404790878296
1714484905,"2024-04-30 13:48:25",B7185,CZ3548,0,11.112,208,113.30465698242,23.404430389404
1714484921,"2024-04-30 13:48:41",B7185,CZ3548,0,9.26,222,113.30439758301,23.404190063477
1714484934,"2024-04-30 13:48:54",B7185,CZ3548,0,14.816,182,113.30433654785,23.403789520264
1714484959,"2024-04-30 13:49:19",B7185,CZ3548,0,11.112,160,113.30474090576,23.402780532837
1714484977,"2024-04-30 13:49:37",B7185,CZ3548,0,5.5559998,160,113.30484771729,23.402450561523
1714484989,"2024-04-30 13:49:49",B7185,CZ3548,0,3.704,160,113.30490112305,23.40233039856
1714485009,"2024-04-30 13:50:09",B7185,CZ3548,0,0,160,113.30493164062,23.40225982666
1714485018,"2024-04-30 13:50:18",B7185,CZ3548,0,0,160,113.30493164062,23.40225982666
